NM_001076732	519	519	591.973665318	0.89
NM_001004520	2587	2548	122.578787121	0.66
NM_001002050	1276	1074	135.646544363	0.82
NM_001017582	728	722	310.38144859	0.9
NM_200100	1262	1224	131.033853728	0.87
NM_200220	2081	1926	143.211609484	0.82
NM_001020602	2905	2689	110.53763818	0.8
NM_131450	2067	2026	375.754990402	0.53
NM_212810	4376	3461	134.988791753	0.76
NR_125782	1068	948	122.36998412	0.89
NM_001002068	805	804	357.708939403	0.88
NM_001328122	1014	876	200.805887246	0.86
NM_213639	1142	1036	229.260620147	0.9
NM_131386	4851	3679	143.766066945	0.7
NM_200227	509	491	159.52052493	0.88
NM_001077250	1996	1755	117.606903798	0.83
NM_001003434	357	323	389.703294553	0.93
NM_131620	1430	1426	1169.16943922	0.9
NM_212766	2522	2469	318.194962142	0.9
NM_201192	2166	2166	394.021752207	0.89
NM_001328036	7934	64	625.157362206	0.93
NM_001080033	1298	1250	404.076305912	0.86
NM_001003774	994	992	336.583792465	0.85
NM_001271474	826	780	177.676402002	0.85
NM_001001590	1354	1299	740.606605343	0.91
NM_130995	2082	2045	177.456152814	0.78
NM_131114	1230	1164	139.92044338	0.86
NM_001002486	304	304	1174.69712574	0.94
NM_199646	1823	1814	130.185943027	0.83
NM_131452	2133	2125	489.932630056	0.82
NM_201484	2426	2412	189.189319279	0.83
NM_001113606	1574	922	117.721371431	0.94
NM_212802	2687	2264	108.514529735	0.72
NM_199671	1288	1280	529.184585262	0.85
NM_194421	2445	2434	179.95417395	0.85
NM_001256190	1048	972	263.273755705	0.85
NM_001045402	900	896	721.286295737	0.92
NM_001089347	2094	2055	110.397000242	0.8
NM_001045456	687	654	122.414371044	0.86
NM_131187	1662	1636	283.457784291	0.81
NM_001328053	660	592	227.259814341	0.84
NM_131404	1466	1403	739.763787083	0.82
NM_001001811	1764	1745	210.579531442	0.84
NM_213080	2202	2150	200.958821927	0.69
NM_001005395	4371	4047	110.39993341	0.72
NM_001037113	490	490	753.090424254	0.9
NM_213302	1639	1639	1917.39072245	0.87
NM_001309525	2542	2491	406.737384824	0.76
NM_213208	687	686	726.328183367	0.91
NM_199708	2037	2036	822.715221621	0.88
NM_201336	2817	2754	167.751919609	0.83
NM_001003501	2623	1743	129.052711486	0.78
NM_200034	781	772	310.995432092	0.88
NM_001020637	1220	1202	129.538756984	0.83
NM_201467	1977	1964	273.63625317	0.81
NM_001004667	1392	1368	260.566828978	0.83
NM_199555	1267	1241	164.080273614	0.83
NM_001309473	986	926	179.082241527	0.87
NM_131686	3477	2647	143.408324393	0.74
NM_001326493	4171	3878	104.830468882	0.77
NM_199481	1939	1939	942.548417944	0.89
NM_001024441	889	869	110.688113232	0.84
NM_200030	265	264	696.594250262	0.94
NM_214697	983	963	118.633316358	0.82
NM_001007771	2359	2334	222.079000349	0.81
NM_201091	1650	1441	174.669234259	0.89
NM_001105599	1365	1346	151.074475224	0.86
NM_001017993	2144	2031	152.508065448	0.74
NM_200099	1417	1307	214.840683474	0.86
NM_212797	1368	1307	121.535162003	0.79
NM_152951	2332	2325	312.898831489	0.79
NM_001002390	2281	2189	102.159167029	0.84
NM_199995	361	359	382.227590293	0.88
NM_001082931	975	755	205.435645363	0.9
NM_173248	2072	2048	182.167116505	0.79
NM_001082882	1406	1342	282.559350431	0.73
NM_001082481	3774	3456	139.280785182	0.73
NM_001077536	3668	1873	129.679836932	0.58
NM_001309644	1435	1406	2398.24139882	0.91
NM_200029	495	495	896.849453206	0.9
NM_131833	1490	1456	112.477559776	0.79
NM_001077140	2236	2052	184.573968914	0.73
NM_001172680	481	454	131.280470073	0.83
NM_201576	1310	1202	106.244324086	0.81
NM_201579	1950	1822	499.786397522	0.82
NM_001291887	781	563	443.840628762	0.92
NM_001008732	2434	2365	260.22863177	0.89
NM_001002673	2743	2499	111.90276582	0.78
NM_001290080	3280	3030	161.017742093	0.73
NM_001002473	1062	1035	107.292756219	0.77
NM_200583	1872	1825	158.354706363	0.75
NM_001002438	541	517	112.077955295	0.81
NM_200564	1980	1918	205.570087009	0.83
NM_200297	1622	1452	105.717187831	0.84
NM_205708	1069	1040	133.075173701	0.82
NM_001002677	1296	1225	918.309142409	0.89
NM_198358	2667	2617	221.7984275	0.85
NM_173251	890	888	550.17415414	0.86
NM_213092	1589	1580	441.815243668	0.87
NM_213464	2597	2543	100.042263455	0.78
NM_213235	2369	2364	606.105185412	0.85
NM_213019	1049	905	216.016646236	0.88
NM_001243178	360	329	469.947963631	0.91
NM_001012304	2365	2255	171.333791477	0.83
NM_001202486	1458	1313	280.252043402	0.9
NM_200650	2313	2234	389.393565708	0.82
NM_181495	3178	3071	110.7559145	0.79
NM_178294	966	950	296.056655116	0.88
NM_001160335	1296	600	210.964031016	0.92
NM_001109740	1167	960	154.679018429	0.9
NM_001002164	1610	1567	108.891227921	0.77
NM_199756	1039	1039	262.726559398	0.86
NM_001243037	635	624	469.445086772	0.83
NM_001002152	1741	1639	233.786790866	0.87
NM_213145	1383	1375	246.62982176	0.81
NM_001044324	3798	3779	522.862672055	0.74
NM_212560	1966	1854	121.003040569	0.83
NM_001024407	769	763	261.727044016	0.86
NM_001014345	2836	2582	173.586585582	0.75
NM_214706	1706	1696	3170.81467558	0.89
NM_201471	2005	1720	112.651760577	0.83
NM_001003437	962	950	142.548057616	0.86
NM_201176	975	943	155.677220926	0.86
NM_001115114	1300	1294	162.909401218	0.82
NM_131139	2730	2708	211.525506136	0.76
NM_001003861	634	634	639.028253021	0.91
NM_001256652	3850	3544	199.712403271	0.7
NM_001003840	1070	1046	154.459724644	0.83
NM_213185	1250	1246	425.837374491	0.86
NR_132111	1006	930	344.829142181	0.87
NM_212698	1094	1057	100.030220639	0.81
NM_201052	1066	1066	728.639686136	0.88
NM_001099251	1172	1141	209.923981172	0.88
NM_213408	2618	2548	101.200786552	0.82
NM_001080034	1078	1061	277.586400581	0.9
NM_001328560	847	761	118.385002536	0.85
NM_001114927	1232	809	137.440335154	0.86
NM_212711	2015	1728	157.2450549	0.78
NM_173261	3588	2058	105.539825384	0.73
NM_001004674	895	893	748.327502751	0.9
NM_201062	1892	1866	101.669036888	0.72
NM_201480	1497	1452	151.057274516	0.8
NM_001291886	784	566	441.269748651	0.94
NM_213130	2003	1938	538.687823178	0.93
NM_001048149	944	916	198.29076932	0.85
NR_145818	2099	2065	10747.6580537	0.95
NR_132112	1059	995	435.986006074	0.86
NM_001309531	1197	1170	135.631134502	0.97
NM_173240	1818	1748	166.457647584	0.8
NM_131345	3453	3408	128.16241524	0.83
NM_001017632	1861	1811	144.963259299	0.84
NM_173224	998	993	487.932795612	0.91
NM_001123007	734	725	144.85018035	0.86
NM_200742	412	409	514.744154757	0.89
NM_198870	2196	2172	393.819500912	0.88
NM_001012483	2671	2635	185.752006521	0.84
NM_201287	2030	2001	134.688068226	0.81
NM_213133	1666	1651	349.91366261	0.85
NM_001013443	4163	3975	248.161591965	0.78
NM_199669	1459	1457	312.132038285	0.85
NM_200386	1221	1210	312.075157122	0.86
NM_173222	1437	1407	163.027768273	0.75
NM_199535	768	751	542.94596732	0.88
NM_213448	4203	3192	100.018661027	0.75
NM_001115109	1488	1260	157.531772995	0.92
NM_201455	994	974	107.906736516	0.79
NM_177479	912	912	379.698400163	0.85
NM_001007168	1086	983	147.91817113	0.81
NM_001034987	1550	1402	115.869668989	0.78
NM_212605	1994	1915	305.258654109	0.85
NM_131425	1825	1751	114.391239408	0.75
NM_213110	1915	1872	115.269958813	0.82
NM_153661	1378	1369	258.649158505	0.8
NM_131883	2454	2386	294.200640705	0.8
NM_001130400	5294	5212	143.962247314	0.77
NM_001002300	2716	2030	109.010858538	0.76
NM_001004641	1029	1010	108.467592198	0.74
NM_001271817	931	902	573.456062955	0.89
NM_205562	1110	1109	467.281609155	0.9
NM_001002078	399	369	1239.89174866	0.95
NM_173288	1300	1285	190.669164798	0.81
NM_182882	1724	1722	296.481291258	0.88
NM_213366	2072	2033	129.146554996	0.8
NM_001040375	927	918	320.206026305	0.89
NM_201468	1862	1836	884.960826701	0.86
NM_001030074	4923	4661	139.803730037	0.85
NM_200959	1797	1732	132.90693761	0.79
NM_194417	2696	2636	217.843706823	0.86
NM_131247	1497	1475	191.401210376	0.84
NM_214683	3016	2990	201.208729613	0.67
NM_001128282	1520	1508	141.026723796	0.85
NM_001110121	508	508	1090.38231104	0.93
NM_201078	1493	1448	306.07089909	0.83
NM_001003640	1732	1645	109.973002625	0.74
NM_001003869	1684	1631	186.64533727	0.83
NM_199724	483	483	686.514660905	0.9
NM_001002082	950	927	240.731370659	0.87
NM_212586	3074	3010	138.05015009	0.82
NM_001024403	693	634	104.822910605	0.81
NM_213533	2292	1986	134.39559744	0.87
NM_200976	7541	4503	160.899608107	0.68
NM_213176	2872	2828	203.103874783	0.83
NM_198070	2674	2380	136.196497442	0.79
NM_131376	1589	1557	120.497709865	0.8
NM_131784	1540	1506	189.836451618	0.89
NM_001319650	804	597	334.643585443	0.91
NM_213294	1525	1502	120.453509139	0.8
NM_201315	2419	2236	125.803942682	0.8
NM_001017601	516	507	160.535975032	0.83
NM_001082865	1438	1394	181.743624583	0.79
NM_200304	1822	1772	121.55216211	0.78
NM_200046	629	563	542.860805181	0.94
NM_131874	1663	1660	288.861079224	0.86
NM_200713	813	802	754.560122837	0.92
NM_001082849	3173	2110	117.981282769	0.81
NM_200992	4540	2470	100.15228546	0.71
NM_200182	2697	2688	453.332307675	0.85
NM_001002572	1107	1076	146.726327798	0.83
NM_199865	576	556	169.191624469	0.86
NM_213293	1692	1677	226.461286832	0.76
NM_199945	822	738	112.094562267	0.83
NR_120316	806	722	117.282207676	0.88
NM_173236	2213	2205	509.859763345	0.82
NM_200405	3150	2815	132.770141564	0.76
NM_001013533	2369	2364	244.372204805	0.85
NM_001083105	1384	1354	249.550745298	0.77
NM_199590	1018	1003	182.106584817	0.84
NM_200085	2164	1880	150.53773128	0.82
NM_001025456	2764	2580	120.996817782	0.8
NM_201138	1662	1625	185.910409256	0.82
NM_001003944	909	872	128.398504618	0.85
NM_213382	1769	1769	596.49195603	0.84
NM_131230	1880	1869	138.849565482	0.84
NM_200027	727	727	886.074612035	0.92
NM_201060	620	619	742.089142955	0.92
NM_001040337	1029	1011	109.759911064	0.82
NM_131493	1109	946	134.950686319	0.84
NM_198143	657	657	714.876392961	0.9
NM_199851	2230	2228	152.225050015	0.81
NM_131337	2643	2618	228.263712445	0.85
NM_001114425	1983	1779	116.917304556	0.77
NM_001077463	733	733	339.692955542	0.88
NM_213377	570	570	1384.11857118	0.92
NM_181559	1968	1964	392.568284816	0.86
NM_001012250	1928	1919	104.638703535	0.81
NM_194380	2918	2868	128.128048273	0.72
NM_001004289	2206	2161	191.775335606	0.75
NM_200911	1640	1613	143.30951284	0.78
NM_001113337	2620	2098	144.251302077	0.86
NM_207054	2069	2002	122.76410404	0.86
NM_213028	696	694	203.589954095	0.84
NM_200023	654	644	376.035683004	0.91
NM_130926	621	618	346.196309222	0.91
NM_212595	2011	1994	225.763441054	0.8
NM_001113644	1882	1583	135.254511129	0.87
NM_001301359	2742	2210	101.454452323	0.79
NM_001033595	4350	4317	720.055752858	0.71
NM_001199106	384	336	105.734905108	0.85
NM_199275	1743	1713	311.483124667	0.85
NM_001199725	2589	2187	133.603507217	0.75
NM_131069	2357	2357	1289.4382427	0.81
NM_001045049	1708	1669	139.182822208	0.7
NM_001303101	585	501	132.196637559	0.88
NM_001045488	538	537	971.57263794	0.9
NM_001089428	3015	2851	191.334929655	0.73
NM_001204396	1753	1629	111.140257437	0.83
NM_200114	1681	1646	135.367607019	0.75
NM_001017600	1033	1000	109.420462262	0.74
NM_213331	1267	1254	151.383739039	0.82
NM_212632	2072	1781	167.376840598	0.87
NM_001005999	1423	1423	732.513006816	0.89
NM_201101	887	887	2048.77596789	0.85
NR_125779	2420	2402	234.266214876	0.88
NM_201318	1400	1390	170.994646776	0.86
NM_001328022	1566	1098	124.187265148	0.93
NM_001033741	841	807	167.770809159	0.87
NM_001001889	2350	2324	260.549829953	0.75
NM_153669	2212	2172	123.549564535	0.83
NM_198806	2485	2479	378.243411093	0.83
NM_131031	1672	1669	1167.92498534	0.85
NM_212626	1541	1451	126.023104709	0.79
NM_001111155	1657	1460	134.53269481	0.9
NM_199655	2521	2181	103.69413141	0.72
NM_001327999	1980	1679	157.415448836	0.89
NM_200185	1558	1558	660.079114445	0.83
NM_001002383	1485	1477	537.537349819	0.77
NM_001045552	2190	2152	116.594522387	0.81
NM_001305662	2633	2586	277.581719671	0.75
NM_001045276	2510	2480	237.083793557	0.82
NM_199956	2049	2045	399.024553143	0.75
NM_201290	1901	1892	151.885816698	0.82
NM_001302742	394	358	117.39125886	0.86
NM_001202510	960	422	426.562373461	0.87
NM_212583	1887	1793	106.544458314	0.81
NM_001003439	1097	1056	106.328953794	0.81
NM_001077804	1835	1790	1408.59149071	0.68
NM_001161599	1896	1873	264.586364812	0.9
NM_214686	1118	1106	408.092596096	0.8
NM_001003528	4406	4189	225.325923424	0.85
NM_131496	1298	631	100.688383581	0.86
NM_131668	2214	2166	159.459863525	0.81
NM_001002137	991	959	322.226972665	0.88
NM_001289907	2400	2326	1615.14526126	0.89
NM_213233	1406	1391	179.167719863	0.84
NM_200107	1423	1361	172.228652793	0.82
NM_001033107	2124	2089	302.447360204	0.84
NM_200104	1558	1558	1557.23447112	0.84
NM_199789	1511	1447	103.928061177	0.78
NM_213015	1944	1936	710.223876476	0.88
NM_001001819	490	490	759.476727593	0.92
NM_001001820	2183	2163	400.324224605	0.85
NM_001312917	2898	2498	115.796532537	0.73
NM_001015060	2812	1916	572.630353882	0.87
NM_001017824	1412	1412	313.236357648	0.85
NM_213034	513	353	733.791529966	0.94
NM_001007775	1955	1932	270.25473058	0.88
NM_199749	1558	1371	257.14649272	0.88
NM_001017565	1107	1097	202.880911093	0.87
NM_131320	2283	2205	217.98872363	0.72
NM_001037691	926	795	224.041242911	0.87
NM_200765	520	518	411.738570055	0.91
NM_001044967	1716	1682	130.070806966	0.83
NM_178437	1742	1740	1992.9377658	0.83
NM_001029966	1711	1677	112.358849285	0.77
NM_199574	1813	1804	348.657365902	0.86
NM_001009898	878	866	161.196078836	0.84
NM_131156	2379	2370	1003.73849192	0.82
NM_198142	2269	1816	173.399120628	0.8
NM_199996	1431	1175	237.340737089	0.88
NM_199986	1703	1702	575.938718847	0.85
NM_213428	1125	1089	145.077929207	0.85
NM_200809	1096	340	110.016217831	0.96
NM_214714	2273	2273	694.477867879	0.89
NM_001142543	1032	1032	916.103463915	0.91
NM_001039985	1602	626	803.492752977	0.92
NM_213430	1729	1652	118.275828743	0.87
NM_199537	1555	1516	183.356050516	0.81
NM_213214	1843	1811	133.737860089	0.77
NR_138543	645	644	793.14767744	0.91
NM_001002534	818	811	138.093581267	0.85
NM_199740	1953	1877	107.433671077	0.77
NM_131162	2211	2199	366.232845594	0.82
NM_001013293	886	864	116.419025424	0.82
NM_214696	2658	2646	787.103415202	0.75
NM_212617	2038	1952	123.189386459	0.82
NM_131224	1785	1605	132.894828831	0.84
NM_199994	1598	1589	376.861210357	0.87
NM_001001944	4039	3382	127.443992736	0.64
NM_001079946	1489	1477	138.3612287	0.83
NM_213722	1391	1387	355.672344348	0.81
NM_201298	2030	2022	430.52721345	0.87
NM_131882	1518	1500	108.029668631	0.84
NM_212653	2511	2446	229.774339264	0.74
NM_001164368	1781	1756	175.885167972	0.85
NM_213644	826	825	681.842792697	0.9
NM_001002072	1163	1109	185.075298083	0.87
NM_001007359	1887	1766	105.074225964	0.81
NM_131801	2124	2116	266.45376861	0.83
NM_213192	3045	2972	183.023895126	0.9
NM_201504	2600	2590	168.130399375	0.84
NM_001145604	3234	3118	173.706384312	0.72
NM_212699	1350	1326	171.178527494	0.77
NM_194432	2109	2081	168.929337663	0.88
NM_213079	1728	1696	127.929063659	0.76
NM_001018166	2664	2606	155.391941602	0.82
NM_200548	991	983	147.326705579	0.85
NM_001305594	1300	1273	148.243293398	0.84
NM_001001729	2524	2447	121.300650924	0.83
NM_001115138	2450	2376	202.457006313	0.76
NM_173247	1264	1264	1538.65402575	0.88
NM_201327	1412	1364	120.768151186	0.75
NM_001007197	1484	1461	169.144051547	0.83
NM_214780	2228	1988	104.336661041	0.82
NM_201305	3465	3442	255.422754433	0.81
NM_001005953	794	740	136.936332239	0.83
NM_001328342	1608	1599	468.668365184	0.83
NM_205667	963	963	1121.42298894	0.88
NM_199760	653	620	408.8743622	0.9
NM_214722	3146	3137	753.2195358	0.88
NM_001103194	1392	1160	112.160099507	0.84
NM_001003411	2166	2160	162.710769785	0.82
NM_214811	2239	2179	232.567922278	0.69
NM_200291	1360	1262	112.847461482	0.77
NM_001081749	2396	2331	149.237021919	0.81
NM_001145694	1937	1801	159.236358848	0.76
NM_199639	2171	2062	104.045331347	0.79
NM_001281721	1433	1433	3566.47830526	0.85
NM_194394	1014	965	104.896884202	0.83
NM_199882	3128	2661	119.626425239	0.79
NM_213279	889	889	919.697169253	0.9
NM_001128697	1112	806	465.364213436	0.87
NM_001002070	1279	1235	104.499815685	0.81
NM_001100144	1171	1137	119.282463949	0.81
NM_001012316	494	494	651.197914783	0.95
NM_001007383	1101	1085	221.005207286	0.84
NM_001002509	476	461	123.217511678	0.85
NM_001115095	3041	2881	104.402047199	0.68
NR_111928_3	590	558	108.687257519	0.85
NM_199636	728	726	741.308634508	0.9
NM_001076748	2222	2152	184.268534021	0.81
NM_001003731	915	904	343.498619367	0.9
NM_131335	1226	1224	781.291618681	0.91
NM_001328003	1314	1212	196.367242456	0.93
NM_001004588	1911	1780	131.61155386	0.79
NM_130908	2177	2172	297.809351783	0.83
NM_001030076	1433	1408	189.851932954	0.84
NM_199974	662	635	120.709323116	0.81
NM_001020578	2563	1952	201.280772102	0.71
NM_200129	1694	1604	103.813659368	0.8
NM_001017593	1279	1273	413.240673888	0.76
NM_198817	3168	3158	714.668874751	0.82
NM_199211	2219	2102	152.427956741	0.71
NM_213262	2403	2397	360.72521731	0.85
NM_131698	944	933	236.79256937	0.89
NM_199595	2595	2593	405.689272199	0.83
NM_001003860	687	685	402.648262599	0.86
NM_001002378	887	887	1153.77833042	0.91
NM_001014289	3974	3974	184.731782007	0.78
NM_213638	1000	982	130.551086483	0.83
NM_213519	3718	3708	295.308662661	0.84
NM_001037108	818	607	173.048421665	0.86
NM_213099	2644	2614	193.725617867	0.79
NM_131310	2699	2662	1066.41555349	0.81
NM_001020590	835	824	119.438839477	0.83
NM_212681	1104	1096	188.862857251	0.86
NM_001289906	2416	2386	1679.22993148	0.89
NM_001025453	1464	1442	186.005165055	0.89
NM_001327886	2822	2359	181.140998577	0.93
NM_200949	1869	1859	158.308703184	0.82
NM_213334	944	922	141.26210105	0.82
NM_001002411	1169	1137	112.402190617	0.83
NM_001004554	4235	4153	106.530333621	0.78
NM_001309458	1052	988	427.684351388	0.86
NR_111928_2	590	558	109.604007923	0.82
NM_174860	1709	1611	102.551938984	0.79
NM_001025475	3264	3013	139.446949035	0.85
NM_201584	658	658	1464.01710423	0.94
NM_001256191	3061	3033	338.122680103	0.9
NM_131573	742	737	225.857575643	0.84
NM_001017752	1868	1757	121.459419876	0.83
NM_213486	1795	1794	254.885560011	0.85
NM_212990	1305	1263	200.829234028	0.87
NM_001048006	860	835	143.563025924	0.84
NM_213510	2570	1128	101.718804463	0.88
NM_131502	3174	2697	117.563229662	0.79
NM_199591	1983	1968	174.2941493	0.84
NM_001328494	1345	1319	105.581420594	0.8
NM_212749	1287	1277	241.719912901	0.85
NM_001277119	3428	2936	124.530185518	0.7
NM_199575	2146	2041	100.709568845	0.77
NM_001037424	1074	1074	3233.50081065	0.92
NM_201043	1067	1040	266.212058401	0.83
NM_001037410	1566	1539	502.927373458	0.71
NM_214736	1138	1124	223.490021817	0.85
NM_173233	520	474	574.846850198	0.92
NM_001045349	1628	1590	187.054269489	0.87
NM_001327835	2492	2298	113.198944254	0.86
NM_001113644_5	1882	1565	127.549559684	0.87
NM_213351	1541	1531	250.38866035	0.9
NM_212569	2189	2047	246.551177487	0.72
NM_131763	1129	1111	113.141010961	0.83
NM_001199436	4653	4601	417.105009135	0.81
NM_001044754	1503	1502	425.020391821	0.89
NM_001130697	679	676	501.725687178	0.62
NM_001142954	1763	1680	194.042546913	0.88
NM_001327986	2963	1939	101.242073899	0.77
NM_001309383	1906	1810	216.003226332	0.85
NM_001326480	998	925	178.470373359	0.84
NM_001256631	2491	2398	405.773155304	0.74
NR_132113	1666	1606	1715.05089602	0.92
NM_213442	3138	2971	170.314469109	0.66
NM_213060	2913	2864	138.489333047	0.78
NM_199576	2107	2094	331.383825191	0.83
NM_001165918	532	486	249.80510721	0.88
NM_001017603	1574	1416	201.143077602	0.86
NM_173232	700	699	868.376612698	0.92
NM_001017858	1127	1032	112.742128748	0.8
NM_200303	785	785	754.989559691	0.94
NM_001007774	1090	1071	220.515805337	0.88
NM_212580	1787	1753	146.268119751	0.85
NM_201475	1685	1678	913.510112056	0.83
NM_001024404	821	771	110.624762198	0.8
NM_213278	2414	2371	520.712565649	0.77
NM_001122654	3748	3552	407.966446919	0.82
NM_213197	1918	1889	121.863009037	0.8
NM_201125	1851	1836	118.183578062	0.84
NM_152967	1162	1076	106.795044889	0.85
NM_001327996	1486	1411	167.962314624	0.91
NM_198364	1785	1760	182.597725096	0.77
NM_201492	2157	2155	276.383715145	0.88
NM_001040052	1228	441	260.697677972	0.89
NM_001020822	2296	1883	100.145571432	0.79
NM_131025	4186	4143	499.810812059	0.86
NM_001005967	904	903	475.702295069	0.92
NM_001115141	2817	2554	111.066308697	0.76
NM_001290093	2662	2648	196.942747206	0.77
NM_213236	1566	1561	686.79786503	0.82
NM_200769	606	441	110.766226953	0.83
NM_212634	3083	3056	364.739920788	0.69
NM_001080993	3216	3091	165.237388786	0.86
NM_199640	2424	2415	320.740590501	0.91
NM_001004601	3178	3154	673.645520212	0.84
NM_173266	486	480	209.206555309	0.88
NM_001003521	2132	2091	221.683320847	0.85
NM_212700	1492	1447	116.995824618	0.79
NM_214721	859	824	306.503387683	0.87
NM_001001399	1042	975	164.082239127	0.87
NM_173234	483	482	870.781341049	0.89
NM_213168	2419	2388	1690.60733762	0.89
NM_001002376	1865	1726	100.623330792	0.81
NM_131108	1261	1073	172.858544735	0.8
NM_131851	1207	1188	206.328040525	0.88
NM_200059	1469	879	542.372869539	0.89
NM_001002077	535	476	114.659592803	0.82
NM_001002075	2141	2141	162.668146072	0.81
NM_199949	1010	789	151.346220088	0.84
NM_001001844	4242	4110	300.177091769	0.74
NM_001100438	737	558	115.924267173	0.89
NM_212996	717	717	6206.60463091	0.9
NM_001002131	1447	1367	109.112458969	0.79
NM_001127333	2139	2105	187.683409157	0.76
NM_001080054	2651	2501	135.713623563	0.82
NM_131761	833	662	220.045834965	0.88
NM_213113	524	520	708.552405697	0.91
NM_001031673	1322	1280	895.305337406	0.91
NM_131270	1152	1113	108.195743289	0.78
NM_201481	2606	2388	148.840788755	0.63
NM_001007375	881	856	342.123263578	0.93
NM_200737	485	482	413.789357285	0.91
NM_213053	2688	2628	200.73313878	0.7
NM_001309267	2448	2378	304.398278094	0.81
NM_001320394	901	823	108.158659904	0.83
NM_001044395	1041	950	103.718816309	0.8
NM_001017583	801	773	118.108807741	0.81
NM_200867	1249	1248	600.945656631	0.86
NM_199932	2022	1987	150.720268808	0.81
NM_001105132	2669	2370	118.212623527	0.85
NM_001003868	590	590	358.46224782	0.87
NM_200732	483	483	1144.85469407	0.92
NM_001135989	1756	1515	110.534152765	0.84
NM_212725	2193	2031	108.483759274	0.83
NM_001030000	785	767	146.293415237	0.82
NM_131220	1791	1775	276.258810861	0.87
NM_131058	2544	2535	371.133360614	0.81
NM_200508	3355	2084	101.293530391	0.67
NM_001159528	565	555	662.164911604	0.9
NM_213383	1824	1815	376.579955317	0.77
NM_205537	1272	1244	116.196761189	0.84
NM_201122	430	429	548.675808613	0.92
NM_200495	1495	1495	672.434115092	0.9
NM_214793	694	694	1021.97452708	0.93
NM_001127335	2544	2496	154.559558441	0.86
NM_199218	1922	1836	113.227134973	0.83
NM_205689	1543	1413	182.590673817	0.76
NM_201331	1547	1513	200.494596727	0.83
NM_201323	1231	1059	169.746484922	0.85
NM_200369	1483	1467	198.671981681	0.88
NM_194264	1218	1191	392.964191594	0.89
NM_212743	415	407	215.966833769	0.82
NM_212952	393	393	823.132263681	0.92
NM_001033106	1940	1914	201.559546862	0.84
NM_201577	2524	2399	121.394309964	0.8
NM_001002544	788	738	114.830800643	0.83
NM_001127470	488	460	144.916845425	0.85
NM_001102637	1185	1137	153.155847654	0.88
NM_200919	1303	1255	110.883065994	0.83
NM_200975	1284	1283	336.198473778	0.88
NM_001114486	1748	1494	109.22457504	0.89
NM_214792	1407	1346	177.466726461	0.83
NM_181330	2728	2665	126.892251657	0.76
NM_213440	2146	2053	153.285836177	0.8
NM_001080184	1867	1856	286.237019592	0.88
NM_001122836	1709	1673	157.535937726	0.84
NM_201514	2028	2012	427.846499711	0.88
NM_212757	1834	1746	252.809533253	0.86
NM_001351701	2205	1784	296.706879745	0.81
NM_213529	1681	1597	132.758995392	0.85
NM_001200040	918	864	102.082832318	0.81
NM_200322	1385	1194	108.013458177	0.78
NM_213144	4896	4883	331.879616095	0.79
NM_001017797	1307	1307	1993.29205424	0.86
NM_200053	755	749	194.462434588	0.86
NM_199569	1523	1506	217.859359452	0.85
NM_001105526	393	392	550.421022169	0.93
NM_212612	2529	2477	401.194136559	0.75
NM_131109	1642	1603	183.547904441	0.84
NM_001002499	530	458	520.670789752	0.88
NM_201017	1698	1464	100.997621012	0.81
NM_199631	2191	2055	131.307582116	0.77
NM_001076758	1150	1088	106.733644477	0.85
NM_001199952	1405	779	136.839754185	0.82
NM_001159834	1284	764	105.887603828	0.91
NM_213128	2002	1961	136.696340426	0.71
NM_199604	1787	1774	249.097732379	0.87
NM_001114418	1637	1573	126.574454547	0.81
NM_131456	3732	3074	188.522591619	0.74
NM_213277	2437	2434	1304.86940603	0.84
NM_001327745	2576	2342	157.458129356	0.67
NM_214774	1990	1900	177.760889293	0.84
NM_001045325	1258	1215	105.152413771	0.81
NM_001083544	548	539	197.79665167	0.89
NM_001004665	755	669	177.560659624	0.81
NM_200047	832	832	1056.28006813	0.91
NM_001110403	2335	2335	2648.72887428	0.88
NM_001002487	411	411	671.222258031	0.9
NM_213223	1558	1558	2666.60920573	0.92
NM_001080609	3345	3328	226.126121087	0.72
NM_173249	703	669	120.336561668	0.82
NM_201460	2889	2865	285.862503609	0.79
NM_214699	1423	1217	372.79644795	0.9
NM_001003461	1280	1209	132.860467338	0.82
NM_001002203	755	750	341.793411223	0.91
NM_001309472	1168	975	171.807427632	0.85
NM_212909	1162	1121	112.406685624	0.76
NM_213374	1991	1921	106.750239199	0.8
NM_199430	1480	1458	120.280130154	0.8
NM_001008615	943	936	2845.83318061	0.89
NM_131775	1163	1127	114.010590576	0.76
NM_173258	1894	1864	272.375622968	0.72
NM_001089339	2002	1965	100.69846504	0.82
NM_001001724	1252	1210	121.88257294	0.83
NM_205673	1403	1386	401.055962593	0.83
NM_213271	3219	2677	143.941954095	0.81
NM_199540	2833	2608	286.163046631	0.76
NM_183071	1312	915	107.540634021	0.86
NM_212630	2077	2066	544.537269192	0.79
NM_198805	3777	3645	227.048638496	0.87
NM_213178	1954	1942	246.905595544	0.8
NM_194398	1339	1339	375.594148251	0.89
NM_200750	463	462	753.570214564	0.91
NM_001040043	498	498	1245.64219096	0.93
NM_213104	2249	2125	122.709536718	0.83
NM_213077	5079	3858	141.66244005	0.82
NM_001204124	462	406	102.295280073	0.83
NM_001030187	978	963	136.47343037	0.84
NM_131245	1002	1000	589.215586326	0.86
NM_212937	1764	1736	124.867294224	0.84
NM_001130604	2759	1964	102.153425269	0.71
NM_001083002	3725	3412	159.490417195	0.76
NM_201452	5093	3189	124.827267327	0.85
NM_199701	2253	1961	103.813640257	0.76
NM_131112	2386	2371	820.321973471	0.79
NM_173263	1471	1465	265.576719877	0.88
NM_213515	2105	2097	251.881114298	0.84
NM_212599	3242	3217	265.079015554	0.64
NM_001003432	636	632	788.346120117	0.87
NM_001002053	1008	986	250.245433342	0.83
NM_213640	2749	2720	205.688425518	0.79
NM_201513	1945	1881	132.934520236	0.84
NM_001308825	7501	6192	110.740741355	0.74
NM_001081629	3711	2636	135.558436627	0.67
NM_001002163	608	604	233.417786189	0.87
NM_200025	417	415	403.828276712	0.89
NM_001351700	2305	1891	311.437509224	0.76
NM_001326710	1280	1251	173.610922955	0.8
NM_001003881	622	543	210.885937346	0.88
NM_198816	2652	2577	108.308496827	0.79
NM_131820	3292	1985	105.301813133	0.66
NM_001004494	2262	2226	190.186258454	0.85
NM_001145359	1212	1150	110.087422376	0.84
NM_001001593	537	528	1265.94307543	0.95
NM_212953	298	298	1251.74910837	0.94
NM_213137	2190	2152	154.190068483	0.83
NM_131580	1081	1080	1032.25188048	0.92
NM_001002335	1771	1675	114.406882647	0.72
NM_001100089	1610	1530	201.206763766	0.82
NM_001034178	683	667	130.316850909	0.78
NM_001002495	436	379	133.186755973	0.84
NM_200086	1012	1006	133.810493326	0.82
NM_001244736	1475	1461	290.795251902	0.86
NM_001002604	1704	1404	120.157806162	0.82
NM_001004639	1410	1400	492.710850017	0.92
NM_200016	1812	1801	180.280796023	0.79
NM_199428	1597	1522	1126.43199929	0.87
NM_001145579	3579	3482	201.694484141	0.8
NM_001004660	593	549	155.2487583	0.86
NM_001045275	729	648	197.259705982	0.85
NM_200139	2498	650	205.13341401	0.96
NM_001076560	2446	2418	332.842621	0.83
NM_212758	782	782	1242.5599869	0.9
NM_001353848	2062	1948	103.240040093	0.73
NM_001328035	2036	1375	122.101459067	0.93
NM_201146	561	561	565.315715704	0.86
NM_001002297	2054	2012	140.354350924	0.81
NM_001103116	1209	968	199.65791196	0.87
NM_200312	1837	1732	109.204458485	0.83
NM_001190806	503	460	114.636352272	0.8
NM_199773	1731	1721	256.380398861	0.77
NM_001005592	577	559	110.506826808	0.77
NM_001126109	1921	1884	255.930803677	0.88
NM_001003429	771	760	159.666041732	0.88
NM_001002864	1690	1657	152.29657005	0.73
NM_001043323	817	812	1915.33541331	0.89
NM_001002106	1038	1038	742.202984562	0.92
NM_001277446	6296	5656	233.218062023	0.58
NM_001328586	881	845	323.04610322	0.83
NM_001109740_2	1175	1099	146.036080999	0.82
NM_194377	1599	1568	300.464220273	0.86
NM_200003	1707	1686	138.600228318	0.82
NM_212784	763	678	875.011256232	0.91
NM_199547	2150	2147	266.316739467	0.78
NM_201188	651	633	146.260119493	0.85
NM_199558	4692	3830	157.458918258	0.75
NM_001025503	1688	1620	131.692464765	0.86
NM_001082837	2181	2057	156.506185632	0.81
NM_001003728	818	817	610.807332867	0.91
NM_001144803	2895	2825	115.00023324	0.83
NM_131585	1058	1058	1388.32518743	0.9
NM_001098184	6450	6261	392.640355627	0.59
NM_183074	1023	1023	422.509729182	0.88
NM_131263	1753	1753	8647.65655547	0.82
NM_212970	3040	3013	215.929475702	0.86
NM_001003756	989	971	139.246467193	0.86
NM_199546	1638	1626	334.517563945	0.87
NM_001002058	1464	1429	195.685743964	0.71
NM_001305588	928	874	738.943365571	0.87
NM_199588	1289	1140	362.26942554	0.87
NM_205576	956	910	121.533161138	0.84
NM_200103	2231	2203	176.095161453	0.84
NM_001076558	976	821	464.900274692	0.87
NM_213642	1927	1248	166.332747581	0.9
NM_001029956	2064	1996	122.506166538	0.79
NM_001002427	555	525	202.596443438	0.89
NM_001030277	4308	2855	118.031570898	0.76
NM_199570	2094	2069	146.18221517	0.83
NM_001278811	896	864	150.222545465	0.88
NM_001002121	2041	2028	186.381398938	0.83
NM_001017599	1089	1069	188.582750456	0.82
NM_001297547	864	855	184.336089755	0.87
NM_001003832	1547	1494	111.601377737	0.81
NM_001012386	1197	1162	110.117122548	0.84
NM_001003422	932	867	162.252513163	0.81
NM_201099	1899	1892	489.11498368	0.8
NM_001097584	3917	3669	134.975156269	0.69
NM_001007776	1513	1125	100.832210824	0.77
NM_201488	2650	2598	261.081190671	0.76
NM_194371	1972	1954	232.367210045	0.85
NM_001099239	2136	2130	231.943041023	0.87
NM_001313700	1944	1864	132.417680855	0.82
NM_001002527	968	686	509.489217459	0.92
NM_200694	868	849	209.862347227	0.88
NM_212709	1904	1882	139.168997586	0.86
NM_213068	2654	2617	211.235567419	0.79
NM_131714	3483	3324	111.382755981	0.75
NM_131002	5176	5011	246.158663857	0.81
NM_001007456	1865	1080	154.103968571	0.81
NM_001002081	568	568	544.281293319	0.9
NM_001113591	2287	2180	130.990050213	0.78
NM_001040321	1659	1599	1714.89496949	0.92
NM_001004296	3558	3501	152.717279189	0.79
NM_001013484	1198	1175	143.440406126	0.85
NM_001024400	608	599	130.918896712	0.84
NM_173235	635	537	539.732990839	0.86
NM_001037677	453	453	432.099480891	0.91
NM_212645	2409	2339	578.981493656	0.86
NM_200720	900	873	501.486027901	0.88
NM_001003890	2344	2320	196.993539367	0.7
NM_212762	435	435	789.783450688	0.93
NM_001002155	566	565	619.139829124	0.91
NM_001200033	372	308	112.996935339	0.81
NM_199778	1440	1410	195.118379989	0.83
NM_213364	2853	2818	229.70276438	0.72
NM_131355	3115	2962	148.503593505	0.72
NM_001020477	3691	2691	114.072622627	0.8
NM_213317	2315	2309	1019.17083941	0.85
NM_200078	1580	1576	178.80809108	0.87
NM_213481	2542	2471	173.271921855	0.81
NM_001076639	2134	2101	338.97389596	0.91
NM_205541	1833	1797	206.539807651	0.82
NM_001109839	2423	2192	211.807298021	0.9
NR_132109	999	923	333.618924294	0.87
NM_152972	2976	2798	154.95408541	0.81
NM_001031676	2397	2396	803.860957386	0.85
NM_200881	1996	1936	346.045090397	0.8
NM_201117	1162	1132	166.277605986	0.81
NM_200766	1140	1128	275.269015326	0.89
NM_131177	3237	2390	156.974701301	0.79
NM_001113644_4	1882	1531	130.989816704	0.86
NM_001006005	498	490	208.757065606	0.89
NM_213148	1200	1164	125.869644807	0.81
NM_001017769	1380	1287	271.347324608	0.88
NM_131107	1375	1349	404.998322672	0.81
NM_212613	1872	1773	101.800817479	0.77
NM_001123389	4247	4138	251.115848579	0.75
NM_212566	1185	1146	106.364748659	0.81
NM_001130192	3149	3131	1174.70819273	0.9
NM_200845	453	452	620.375756538	0.93
NM_001024073	1943	1731	106.549272879	0.78
NM_131309	1418	1231	836.383154269	0.86
NM_001202527	2432	1631	101.535221051	0.79
NM_001017801	916	914	183.778205232	0.87
NM_201200	2559	2352	102.16682187	0.84
NM_213002	1422	1418	560.624448785	0.89
NM_001044756	2636	2548	205.437512695	0.83
NM_212598	1558	1482	336.510958706	0.8
NM_199536	2159	2004	151.444630973	0.81
NM_213013	986	986	327.804335694	0.86
NM_213204	482	482	1084.78842338	0.9
NM_200199	1934	1572	102.397332069	0.72
NM_001030239	2705	2651	117.684921741	0.76
NM_001045564	1041	955	206.880801303	0.81
NM_199683	1121	1117	373.352574671	0.89
NM_199677	2030	1871	300.468847495	0.81
NM_001081747	1861	1795	128.829995327	0.8
NM_001002703	931	863	190.445386603	0.87
NM_001003418	747	703	122.270127444	0.86
NM_001326405	1647	1545	128.827615756	0.84
NM_200839	1497	1494	215.908720398	0.81
NM_212584	1391	1390	1931.23651254	0.84
NM_201217	2259	2185	244.797687118	0.8
NM_001282177	500	486	751.882842527	0.87
NM_213219	2351	2243	204.38126242	0.8
NM_213124	1505	1437	792.563875358	0.88
NM_001024409	1233	1222	662.842398333	0.9
NM_131151	1311	1292	135.92225878	0.81
NM_001017588	1752	1746	271.986348901	0.78
NM_200581	1259	1123	112.462350714	0.81
NM_001003875	2443	2437	262.071276417	0.86
NM_001113644_3	1882	1602	136.380748751	0.87
NM_198809	1593	1557	253.994248273	0.8
NM_001281788	6521	5900	368.785897972	0.65
NM_213450	2688	2597	161.32389419	0.81
NM_212628	1695	1662	183.22082334	0.74
NM_213641	1708	1659	613.493022618	0.91
NM_001005589	851	850	751.377138409	0.9
NM_001271897	4559	4545	516.76057329	0.85
NM_001024442	470	439	107.720130726	0.82
NM_131098	1330	1330	2584.26094206	0.92
NM_213493	1980	1973	295.986231839	0.81
NM_131444	1040	1038	843.679669621	0.91
NM_213514	2079	771	213.062519135	0.76
NM_173250	1964	1936	137.513241305	0.73
NM_201061	504	502	674.014798481	0.91
NM_200538	2335	2088	124.012888216	0.79
NM_001017739	862	844	149.256015043	0.78
NM_001083577	3079	2970	136.958515629	0.85
NM_201466	2743	2465	220.21862603	0.86
NM_213466	1532	1526	376.761599006	0.82
NM_001024377	2023	1923	111.013218545	0.76
NM_001013272	2053	2010	462.507693561	0.89
NM_001024735	1269	1254	227.25639123	0.81
NM_001020707	2405	2194	291.965915326	0.84
NM_212933	1149	1113	105.276198032	0.85
NM_001002079	503	503	920.354570282	0.92
NM_001077355	1851	1837	202.800408109	0.85
NM_001166268	1318	1282	128.498349878	0.76
NM_212994	2227	2179	219.992921701	0.8
NM_201483	2936	2918	159.379731658	0.8
NM_200094	2754	2694	190.368042042	0.84
NM_001002067	764	735	296.528218375	0.88
NM_001002866	472	472	715.575904877	0.95
NM_001312882	1918	1860	220.07268345	0.79
NM_001105277	2672	2631	215.308158377	0.74
NM_199761	1288	1280	355.048468291	0.87
NM_200550	1782	1485	126.822845246	0.79
NM_001007059	822	798	104.014068649	0.81
NM_131884	1518	1508	176.690330283	0.82
NM_200342	1260	1231	127.934556132	0.83
NM_201153	832	832	649.856624726	0.9
NM_001002069	344	344	1104.47011239	0.93
NM_194367	1521	1413	1152.22725422	0.86
NM_001135989_2	1757	1611	132.071353665	0.84
NM_001017574	1635	1631	299.774097188	0.81
NM_199593	1474	736	106.647937804	0.9
NM_199750	1632	1557	125.978003569	0.83
NM_001002478	640	568	217.438140196	0.88
NM_213014	1822	1815	153.137922813	0.83
NM_001113644_2	1882	1505	123.280121387	0.86
NM_199820	4601	4523	143.11809171	0.69
NM_213335	1416	1392	149.071116575	0.84
NM_212710	2233	2040	112.401670182	0.65
NM_001135989_3	1759	1634	108.898177284	0.78
NM_001089351	631	556	316.523415919	0.9
NM_001003844	919	822	286.386508603	0.89
NM_213107	1258	1258	816.104987635	0.89
NM_001044332	2091	1999	126.608550967	0.76
NM_001002073	1238	1187	219.567809953	0.88
NM_212977	1620	1579	772.147376122	0.86
NM_001122784	3993	2718	120.624281987	0.7
NM_200743	1036	1020	178.418527698	0.84
NM_001105588	2100	2042	135.009144587	0.82
NM_001109706	1257	1095	112.410187189	0.84
NM_212589	1828	1824	315.589602361	0.84
NM_201474	5109	5090	326.592616417	0.82
NM_001172570	2593	2582	147.778432856	0.78
NM_001037702	3795	3711	117.206060126	0.67
NM_213051	2747	2524	155.731659636	0.79
NM_001083849	2503	2162	115.581603194	0.77
NM_001013469	1184	1114	101.185241162	0.82
NM_200852	722	722	806.634665103	0.91
NM_001002320	2409	2366	133.622084054	0.81
NM_001003424	548	515	119.579155835	0.83
NM_213333	3771	2960	114.427389962	0.71
NM_201343	1686	1611	102.940991652	0.82
NM_200416	1414	1402	476.966033118	0.85
NM_001006057	1041	980	209.794716963	0.85
NM_200080	2167	2162	1482.23831443	0.75
NM_131176	1454	1453	602.778153679	0.84
NM_001200009	891	873	195.017010349	0.87
NM_199585	1876	1635	118.878648037	0.78
NM_205585	1535	1475	138.444251393	0.83
NM_205752	2930	2698	114.340228833	0.82
NM_213503	4437	2734	134.926599871	0.75
NM_200458	2810	2807	1201.66928233	0.83
NM_214815	3914	3782	208.566036471	0.73
NM_001002064	1628	1469	118.018631529	0.79
NM_001082798	1346	1297	218.171777692	0.79
NM_001161336	1153	1086	502.29009672	0.88
NM_001326595	1844	1104	222.272064373	0.8
NM_213363	2054	2021	148.7180884	0.74
NM_173238	3052	2910	165.625777908	0.79
NM_201476	2769	2705	215.221233592	0.79
NM_214718	2014	2005	165.168622999	0.84
NM_212587	1840	1839	1720.07807257	0.83
NM_212567	2979	2819	222.149717992	0.72
NM_001044811	947	905	122.529355098	0.85
NM_001013345	888	888	664.096260329	0.91
NM_001003564	805	785	146.079731368	0.82
NM_001013455	473	472	494.380847142	0.9
NM_173264	860	799	357.699135317	0.87
NM_212993	966	965	278.327707103	0.88
NM_199771	1782	1770	358.464403172	0.87
NM_212597	953	925	418.885472978	0.87
NM_194390	1063	1016	112.634322232	0.87
NM_200502	613	613	918.800302462	0.92
NM_181758	1208	1203	626.756442146	0.87
NM_201191	379	379	716.845354102	0.92
NM_131594	2098	2081	170.284497448	0.82
NM_001328705	1952	1320	102.800741808	0.91
NM_199548	1566	1549	188.792840302	0.89
NM_001137666	5899	2860	103.562445055	0.67
NM_200988	2330	2286	158.493537675	0.77
NM_200504	1868	1647	130.78866624	0.72
NM_201004	538	532	230.252670669	0.87
NM_001037386	2280	1998	111.796359511	0.84
NM_200815	451	450	986.233608944	0.91
NM_173252	721	682	470.624950815	0.92
NM_001002435	1054	1032	100.847739451	0.79
NM_200258	2133	2102	126.622012379	0.82
NM_001256194	1220	1175	222.758888994	0.78
NM_213159	1406	1381	196.943122407	0.86
NM_130941	4366	4275	219.338470689	0.75
NM_213463	3206	3011	128.65139878	0.72
NM_213530	1628	1601	173.648079695	0.79
NM_131765	1921	1904	459.557865955	0.91
NM_001004003	3275	3248	253.810069351	0.82
NM_001100436	441	441	706.776958784	0.9
NM_001305582	4421	3288	126.249783786	0.85
NM_001320203	2049	1924	193.318052859	0.91
NM_001007452	1270	1145	110.905830937	0.83
NM_131336	3252	3172	117.522242031	0.77
NM_200026	515	513	1297.28285211	0.92
NM_131059	3350	3341	648.557391684	0.73
NM_212790	1357	1330	120.256857032	0.84
NM_001082795	1837	1750	120.180735118	0.83
NM_001256205	3476	2465	133.364998961	0.73
NM_213417	619	595	391.706560991	0.85
NM_199727	2361	1090	112.975815639	0.96
NM_001009889	2617	2162	339.769430578	0.85
NM_001118897	7533	3139	101.435403335	0.77
NM_001256193	1325	1291	241.365938124	0.77
NM_213336	1459	1421	773.046054695	0.87
NM_199567	2083	2074	176.889664689	0.82
NM_001002557	975	846	104.670786372	0.84
NM_201326	3052	2728	128.632666836	0.74
NM_213356	3227	3205	177.116910834	0.75
NM_201297	1684	1667	125.688694974	0.81
NM_170763	2844	2636	153.231741131	0.76
NM_212740	1660	1590	128.730047058	0.78
NM_199562	1746	1737	291.409700959	0.88
NM_001006096	1274	1267	260.973599955	0.9
NM_214701	708	699	174.750836094	0.86
NM_001017700	639	635	524.13012321	0.89
NM_131513	1495	1470	477.177376739	0.8
NM_214773	1667	1283	166.942963441	0.87
NM_131700	1290	1210	155.333726919	0.93
NM_200028	466	466	876.832027229	0.91
NM_198140	1041	1041	1856.79217883	0.92
NM_001114894	2168	1373	103.670159975	0.89
NM_200752	630	630	1082.96432491	0.94
NM_152949	1899	1891	370.189391767	0.74
NM_212769	1831	1745	153.712359963	0.86
NM_131252	2569	2444	133.359497731	0.75
NM_212696	2164	1942	109.103264309	0.81
NM_001002102	1767	1759	199.371452865	0.88
NM_001017851	1753	1696	102.055917038	0.8
NM_200800	1459	1403	101.523219489	0.79
NM_194400	1240	1219	191.178061521	0.86
NM_001105108	1254	1254	947.93174714	0.82
NM_212675	1290	1274	219.130035671	0.85
NR_111928	590	558	109.065448884	0.84
NM_181601	1767	1764	2316.95192829	0.75
NM_001020531	880	623	216.975517807	0.94
NM_130922	2069	2057	160.236533325	0.83
NM_213024	785	784	1273.47293053	0.93
NM_001029947	611	610	383.464907408	0.89
NM_001256207	3324	3242	216.19524262	0.84
NM_001076652	2835	2789	1077.60142649	0.78
NM_001313699	1960	1820	127.67499508	0.83
NR_138547	2511	2040	158.163812534	0.91
NM_001002139	610	610	1062.11179291	0.93
NM_212603	1499	1484	1082.33795246	0.83
NM_001003447	678	677	752.082756753	0.89
NM_178287	841	699	154.799900465	0.86
NM_001037393	1370	1294	101.955454373	0.81
NM_199746	2436	2405	326.679664975	0.85
NM_182866	2633	1800	286.052605534	0.88
NM_130925	1985	1985	3301.22053782	0.84
NM_212691	2508	1749	126.256349306	0.84
NM_001129823	861	849	157.84798424	0.83
NM_001244802	771	750	246.619950002	0.81
NM_001122615	1428	888	106.626770002	0.94
NM_153644	800	795	646.671169721	0.91
NM_198366	2668	2629	735.132804441	0.85
NM_001328559	2598	1794	139.788749306	0.76
NM_213151	1397	1350	120.355643464	0.82
NM_212833	990	978	449.670085087	0.9
NM_131455	2783	2620	189.903574908	0.69
NM_131509	2480	2479	1463.3022406	0.67
NM_200506	868	572	102.221254962	0.85
NM_199568	1180	1136	140.716065503	0.86
NM_200999	1031	1011	169.584738869	0.81
NM_200745	852	824	277.27573994	0.91
NM_212591	1717	1679	105.458412524	0.83
NM_213132	1347	1330	192.378887865	0.87
NM_001126457	1515	1460	1176.92096193	0.86
NM_001006055	878	842	108.383959895	0.86
NM_001008585	2035	1708	111.207612633	0.78
NM_001128336	1845	1693	112.095792039	0.83
NM_001109854	818	388	152.49272293	0.93
NM_153659	2575	2567	313.04113919	0.75
NM_001079973	1842	1824	510.028875706	0.84
NM_181603	4884	4504	154.578454362	0.7
NM_001159825	533	462	157.236846046	0.88
NM_178436	2616	2360	106.367462774	0.74
NM_001301360	2299	2222	146.380908057	0.81
NM_001098730	1026	1026	1374.4100949	0.92
