NM_200529	1496	1456	126.823781588	0.66
NM_001014343	2029	1984	320.08871723	0.67
NM_001002078	399	367	452.346688027	0.75
NM_214749	1151	1098	162.462179447	0.68
NM_001002688	2438	2412	278.145597429	0.7
NM_001003503	1289	1273	227.197450691	0.71
NM_212726	1694	1621	101.05099403	0.62
NM_212659	2024	1951	126.664122318	0.62
NM_199694	1483	1475	396.618229086	0.76
NM_001030120	1429	1321	102.835887658	0.65
NM_199937	1654	1567	132.648403936	0.62
NM_001013345	888	888	550.892261925	0.78
NM_001172570	2593	2589	175.219451137	0.72
NM_173258	1894	1866	265.999191824	0.65
NM_199583	3547	3230	167.962759383	0.61
NM_194373	2095	2060	164.510110769	0.65
NM_199636	728	715	321.742787782	0.79
NM_200598	2739	2495	164.236189382	0.61
NM_001013344	748	729	180.211282702	0.71
NM_213160	2310	2195	160.012496823	0.71
NM_001002433	1124	1084	179.936866165	0.72
NM_001126388	3177	3159	162.999673674	0.67
NM_198373	1178	1046	109.266470641	0.64
NM_194397	1204	736	224.357971889	0.62
NM_201087	3796	3774	140.99283286	0.61
NM_001003994	4054	3245	105.695621648	0.6
NM_199795	1533	1478	134.359429792	0.59
NM_001128693	2431	2247	173.577537118	0.67
NM_199875	1809	1754	124.31213873	0.64
NM_200769	606	439	139.203884043	0.72
NM_001110121	508	507	529.187770734	0.81
NM_181601	1767	1757	125.237320256	0.53
NM_199769	1960	1911	123.96151022	0.68
NM_001003756	989	972	205.54258211	0.72
NM_001002572	1107	1098	331.785202998	0.74
NM_214721	859	833	460.631130796	0.77
NM_200752	630	625	574.85400153	0.83
NM_001113800	1290	1108	169.750252288	0.69
NM_212983	2873	2842	140.754358088	0.63
NM_001013517	539	530	231.792388536	0.68
NM_001100438	737	476	106.185350993	0.73
NM_001007351	1001	925	168.452712118	0.71
NM_201125	1851	1841	201.114441218	0.74
NM_199580	3313	3232	114.915162277	0.67
NM_001077743	2781	2385	155.768329643	0.79
NM_214699	1423	1222	523.04351088	0.79
NM_199763	3910	2692	112.831009612	0.69
NM_001013536	1099	1073	566.663444354	0.7
NM_213334	944	923	187.455630355	0.75
NM_201328	2579	2461	116.899662938	0.66
NM_001020605	737	722	286.106067949	0.76
NM_001326449	873	787	104.456373708	0.67
NM_001082551	5347	4605	156.026377689	0.67
NM_001115117	1974	1942	140.768413958	0.66
NM_001003640	1732	1723	311.567013538	0.64
NM_001012501	2090	1480	136.985758159	0.53
NM_001006019	1571	1530	221.772826919	0.67
NM_001312897	3464	3174	110.595300622	0.6
NM_001039985	1602	561	197.073051606	0.9
NM_001100436	441	441	508.045665124	0.82
NM_200881	1996	1841	136.584664111	0.59
NM_001008618	2180	1912	167.571411663	0.67
NM_200177	1899	1876	151.355376634	0.66
NM_001346309	2477	2137	186.178627714	0.67
NM_214691	2292	2176	131.539365626	0.68
NM_001110105	2366	2256	163.547025653	0.61
NM_201217	2259	2173	246.719212762	0.74
NM_001017801	916	904	165.11267837	0.73
NM_001130192	3149	3124	248.338978096	0.59
NM_001327817	2109	1866	123.110571965	0.61
NM_201471	2005	1798	108.54540347	0.71
NM_199993	1443	1418	231.67397066	0.7
NM_001256205	3476	3148	192.333328593	0.71
NM_213092	1589	1581	566.695001323	0.61
NM_001270540	1921	1888	240.446104772	0.73
NM_205613	901	880	259.341099241	0.71
NM_001302634	1322	777	251.758316005	0.81
NM_212603	1499	1477	564.135683663	0.68
NM_001037702	3795	3747	188.387748888	0.66
NM_001004652	514	500	635.734188829	0.85
NM_201475	1685	1668	347.301909875	0.67
NM_001076758	1150	1104	110.826063071	0.66
NM_200517	1375	1136	111.612149806	0.63
NM_200813	1767	1745	253.148977569	0.73
NM_001017632	1861	1837	259.369730199	0.69
NM_213067	2302	2294	213.347926377	0.72
NM_001080695	1195	1151	166.622595539	0.75
NM_131670	1758	1747	359.622568615	0.66
NM_001126457	1515	1460	329.983011267	0.79
NM_001013469	1184	1136	135.29319608	0.68
NM_001020684	1181	1145	171.018499308	0.71
NM_198366	2668	2465	791.764158506	0.68
NM_213104	2249	2228	395.964193872	0.75
NM_200732	483	483	984.462787707	0.85
NM_199579	3282	3148	104.839509371	0.59
NM_001017831	1128	1118	276.525284141	0.69
NM_001089525	3846	3659	357.799294491	0.7
NM_173253	4213	3781	220.622927691	0.69
NM_001281985	1215	1090	109.436858173	0.61
NM_001002203	755	726	213.460048019	0.74
NM_212811	2039	1879	133.105112396	0.67
NM_001077716	2924	2756	239.497359014	0.65
NM_199913	3736	3459	118.384646907	0.65
NM_001004494	2262	2191	126.975622526	0.62
NM_131580	1081	1071	223.646964235	0.71
NM_001013445	2351	2257	153.379428258	0.66
NM_194264	1218	1189	192.304469691	0.69
NM_199853	1976	1936	155.520209817	0.67
NM_001105692	4404	3833	175.666127296	0.62
NM_001077343	3359	3263	147.803568048	0.66
NM_199760	653	640	389.49404819	0.72
NM_213428	1125	1123	398.454471991	0.69
NM_001111226	1743	1698	163.247025991	0.75
NM_201078	1493	1450	262.945489677	0.72
NM_001003643	1358	1331	156.221828002	0.68
NM_212945	1249	1181	106.839522988	0.66
NM_212735	2658	2269	129.681017661	0.64
NM_199788	1103	1082	142.613182325	0.69
NM_001044324	3798	3711	156.371614407	0.5
NM_001004551	2400	2318	114.615773447	0.65
NM_200601	2122	1938	114.460179173	0.67
NM_199872	2275	2152	114.583115273	0.67
NM_001326547	5457	4498	181.940225215	0.69
NM_200100	1262	1231	201.081155457	0.69
NM_001291933	915	736	105.882865217	0.76
NM_214782	2049	1649	106.701447788	0.64
NM_001030000	785	764	199.398825191	0.74
NM_001309472	1168	992	156.335997225	0.69
NM_001003425	2025	1954	143.923206805	0.68
NM_001130597	765	753	252.791933702	0.7
NM_001127333	2139	2128	518.582519947	0.71
NM_213197	1918	1905	207.988438704	0.65
NM_001309531	1197	1188	1883.34802799	0.79
NM_001327759	8496	5452	118.372709967	0.62
NM_001003429	771	754	323.424619049	0.78
NM_200322	1385	1355	179.284910138	0.68
NM_212584	1391	1389	1665.38080185	0.7
NM_199782	2184	2119	1331.84499929	0.78
NM_200027	727	726	465.583160062	0.76
NM_199602	1906	1898	179.536506323	0.62
NM_213014	1822	1811	153.367367948	0.68
NM_200403	1359	1323	224.573527873	0.71
NM_213370	1821	1781	184.739994074	0.66
NM_001079961	2760	2722	201.276697056	0.72
NM_001017766	1563	1419	125.095092047	0.65
NM_212569	2189	2077	269.030156384	0.68
NM_213464	2597	2577	163.903996256	0.72
NM_001328036	7934	3287	291.778614654	0.9
NM_212632	2072	1804	289.628507759	0.77
NM_001045013	3195	3119	160.755828126	0.58
NM_001002596	1471	1468	576.914894804	0.73
NM_198870	2196	2171	339.18090954	0.65
NM_001309458	1052	982	136.489324809	0.75
NM_001007774	1090	1081	420.634977602	0.7
NM_001044858	6394	4123	114.631533003	0.67
NM_001015060	2812	1911	548.2221942	0.76
NM_001199720	2183	2143	207.477520301	0.75
NM_001002121	2041	2021	132.72976135	0.68
NM_001017747	906	880	111.084304317	0.7
NM_205599	1107	1093	376.351124432	0.74
NM_213219	2351	2044	151.808130952	0.7
NM_001001948	1593	1535	117.125169793	0.72
NM_212932	1336	1324	271.919715326	0.74
NM_001080041	2858	2840	233.397801031	0.69
NM_001172637	405	378	219.072806709	0.81
NM_201483	2936	2918	187.496056874	0.66
NM_213339	1528	1207	103.820374388	0.65
NM_213243	2065	1947	100.780469225	0.6
NM_001025478	1537	1509	161.584667732	0.71
NM_001076732	519	519	361.399891737	0.77
NM_201112	1531	1488	437.892152712	0.75
NM_200742	412	385	142.041105268	0.7
NM_213188	2624	2601	593.40801664	0.7
NM_001002155	566	556	185.641585035	0.75
NM_001127477	3663	3316	183.958080358	0.67
NM_213489	2128	2116	181.762310397	0.71
NM_001002509	476	459	192.479708467	0.78
NM_001004554	4235	2817	116.543384483	0.67
NM_001017739	862	849	270.04765819	0.65
NM_001014289	3974	3548	108.950338535	0.56
NM_201492	2157	2151	418.319907406	0.77
NM_213068	2654	2653	336.582049233	0.71
NM_001045008	2398	2266	111.971639973	0.61
NM_001161599	1896	1879	395.59607331	0.73
NM_212909	1162	1157	1870.16794642	0.73
NM_001110472	4141	2447	124.595985489	0.66
NM_131404	1466	1397	259.260107557	0.7
NM_001007361	1550	1524	285.457820479	0.67
NM_198908	3473	3317	124.990283647	0.65
NM_131310	2699	2661	310.25933213	0.67
NM_200510	2353	2105	107.925096186	0.62
NM_001326384	5589	3227	152.845029895	0.68
NM_212784	763	673	324.998859695	0.75
NM_199669	1459	1433	138.777842854	0.65
NM_173246	1093	1032	161.08298861	0.68
NM_131577	2326	2213	136.13264933	0.62
NM_001077295	786	747	159.169399641	0.68
NM_001014303	1968	1881	141.992199146	0.73
NM_001031671	1213	983	109.870326081	0.7
NM_001326532	2345	2279	265.610809799	0.7
NM_001089427	2563	2531	172.027426355	0.65
NM_199772	1594	1580	164.727095259	0.59
NM_001002478	640	575	329.756363222	0.74
NM_201043	1067	1052	364.027140611	0.72
NM_001320324	2045	1907	154.340196642	0.62
NM_131442	1356	1354	235.796716332	0.69
NM_001098480	441	423	306.536430382	0.85
NM_131801	2124	2113	299.45405865	0.68
NM_213185	1250	1239	287.969923707	0.66
NM_200766	1140	1031	105.230135026	0.62
NM_001017700	639	633	603.849909377	0.72
NM_001159314	4450	3783	100.363831829	0.62
NM_213350	1326	1318	313.634302536	0.66
NM_213374	1991	1794	102.057551673	0.64
NR_135184	834	380	116.459929006	0.81
NM_201005	1653	1579	167.823143496	0.68
NM_201468	1862	1831	502.818305972	0.72
NM_201052	1066	1062	190.414928061	0.69
NM_001320326	2130	1973	152.215224042	0.63
NM_199576	2107	2102	380.590083967	0.72
NM_001077535	2030	2028	206.120378468	0.71
NM_001017585	968	884	108.094825309	0.64
NM_001034976	1886	1698	104.762564707	0.7
NM_001002495	436	374	176.237762515	0.75
NM_152953	2185	2181	424.882648127	0.66
NM_131220	1791	1760	193.335667721	0.7
NM_199623	2532	2521	414.939076286	0.7
NM_213663	1657	1594	188.382564975	0.71
NM_212937	1764	1745	187.840201711	0.68
NM_214811	2239	2206	401.466410035	0.63
NM_001109720	867	835	128.931942257	0.72
NM_200976	7541	3429	105.982724897	0.69
NM_214766	2719	1954	117.02481713	0.65
NM_001002519	1060	1027	112.311874228	0.7
NM_001270973	2474	2017	166.339801192	0.72
NM_212615	1918	1886	245.426527282	0.64
NM_213110	1915	1838	112.579845421	0.64
NM_201450	3498	2635	159.227045309	0.63
NM_212952	393	387	218.631863971	0.81
NM_001080176	1395	1391	417.736754318	0.77
NM_212646	1189	1171	184.317608985	0.7
NM_214707	2486	2473	273.480727953	0.7
NM_199639	2171	2146	199.701747523	0.68
NM_001351701	2205	1785	689.520157795	0.69
NM_173835	1772	1644	217.02651436	0.61
NM_213639	1142	863	135.393281698	0.7
NM_199932	2022	1994	158.890162698	0.65
NM_001024409	1233	1225	1053.27688992	0.71
NM_001110119	553	532	158.725347817	0.76
NM_212810	4376	4111	133.634125002	0.69
NM_212589	1828	1798	167.480525532	0.73
NM_213386	2179	2136	263.277590945	0.69
NM_001111223	2405	2182	145.774658737	0.64
NM_001077323	2565	2536	154.810075515	0.71
NM_001004296	3558	3542	233.483880761	0.71
NM_200896	1087	951	120.221745836	0.65
NM_001045276	2510	2469	157.677024931	0.7
NM_199632	2155	2107	101.564645383	0.63
NM_001097584	3917	3375	163.507264224	0.58
NM_200008	762	761	1048.62568394	0.81
NM_199574	1813	1797	156.100089733	0.71
NM_001037110	852	818	222.096246696	0.69
NM_200956	1996	1899	136.646954246	0.65
NM_145195	489	488	771.40342426	0.83
NM_001024439	820	806	353.314360699	0.68
NM_199719	1526	1494	128.229535603	0.55
NM_199849	1880	1542	112.434185712	0.63
NM_131263	1753	1753	2138.59758455	0.77
NM_001044708	1296	940	103.707104975	0.69
NM_001002366	1347	1182	162.997904159	0.69
NM_199773	1731	1706	164.829985106	0.69
NM_001326707	1301	1202	179.407748923	0.73
NM_130922	2069	2065	450.13420567	0.71
NM_213235	2369	2217	101.588948597	0.65
NM_213124	1505	1481	939.218740466	0.78
NM_001001889	2350	2336	381.638763109	0.76
NM_001005937	2939	2916	144.210015115	0.57
NM_001033741	841	803	193.677858398	0.76
NM_205607	2074	1992	143.48536685	0.61
NM_201588	2454	2404	192.568717851	0.67
NM_001006016	1652	1547	102.783879254	0.64
NM_200845	453	452	1039.48301377	0.86
NM_001135579	1221	1182	127.173619365	0.71
NM_183071	1312	1158	3379.1300605	0.74
NM_001313699	1960	1668	108.785159029	0.64
NM_200525	502	492	204.821448355	0.76
NM_001110388	538	511	329.381740595	0.91
NM_001282177	500	486	567.50396336	0.73
NM_173252	721	665	233.87110876	0.81
NM_001037691	926	762	351.366399531	0.69
NM_200089	4068	2916	133.247490937	0.65
NR_135206	2284	1974	140.575260844	0.64
NM_201050	1959	1940	261.285203971	0.64
NM_199595	2595	2588	384.588925368	0.68
NM_001002546	1137	1094	116.229007977	0.6
NM_131047	1625	1584	241.106415339	0.66
NM_001002684	2073	2051	182.457389392	0.6
NM_201469	2279	2206	125.779433467	0.65
NM_198364	1785	1602	108.091992345	0.64
NM_001017902	1348	1322	144.735616476	0.66
NM_001328190	3336	3272	192.154935882	0.64
NM_199912	1864	1774	141.051149133	0.67
NM_001256029	2041	1967	174.13095781	0.67
NM_001099995	552	523	133.131996855	0.74
NM_001017593	1279	1276	1904.97236398	0.75
NM_199430	1480	1479	1698.41654366	0.65
NM_001030076	1433	1374	135.07694774	0.66
NM_212696	2164	1959	122.088030678	0.67
NM_201499	1996	1964	206.200111486	0.7
NM_001024399	989	976	227.794031765	0.74
NM_200533	1158	1140	139.567643441	0.66
NM_199548	1566	1558	380.450045217	0.66
NM_001020534	691	672	134.491370274	0.69
NM_200046	629	457	377.350506041	0.79
NM_200958	1832	1819	335.95602972	0.69
NM_001033107	2124	1990	332.62810788	0.74
NM_200059	1469	875	231.818265306	0.76
NM_001025533	2603	2554	203.073299435	0.69
NM_001002068	805	804	610.214434877	0.81
NM_212675	1290	1265	223.344798456	0.73
NM_200759	1257	1224	121.828600874	0.68
NM_214683	3016	2778	105.069086383	0.63
NM_001003439	1097	1054	170.556437143	0.66
NM_212629	2082	2004	104.450715426	0.65
NM_199823	1848	1834	340.399494411	0.82
NM_200199	1934	1737	105.140509359	0.64
NM_201185	1255	1234	181.585438277	0.72
NM_001202428	906	851	122.875079746	0.69
NM_001089351	631	556	682.10229971	0.79
NM_001003634	2085	2039	218.702061799	0.71
NM_212790	1357	1352	500.121430595	0.74
NM_212692	2280	2209	118.120235123	0.58
NM_001312882	1918	1881	418.974450716	0.65
NM_001009902	1242	932	158.561044318	0.84
NM_213236	1566	1561	702.054932711	0.65
NM_001076558	976	807	157.798944573	0.72
NM_001031676	2397	2392	1051.50814572	0.77
NM_001122749	4702	4633	172.306921787	0.69
NM_131679	2510	2478	215.356129964	0.67
NM_001105108	1254	1254	795.859308619	0.77
NM_001024400	608	553	101.690470406	0.69
NM_200182	2697	2336	158.919153689	0.68
NM_199996	1431	1176	462.469653749	0.71
NM_213336	1459	1421	1453.84309384	0.75
NM_131355	3115	2385	136.134739113	0.66
NM_001024735	1269	1258	151.098939333	0.64
NM_200458	2810	2808	660.66984424	0.66
NM_212993	966	948	127.053815272	0.68
NM_001002606	1391	1122	443.413139069	0.76
NM_001309644	1435	1388	371.925997826	0.75
NM_214774	1990	1791	109.282765319	0.63
NM_213148	1200	1189	216.989797672	0.67
NM_201031	1453	1212	129.213933218	0.72
NM_001025530	1320	1223	119.283494604	0.61
NM_214793	694	689	219.423967558	0.78
NM_001002686	1167	1127	112.992536235	0.64
NM_131444	1040	1038	865.388231542	0.76
NM_001002081	568	568	1236.19582463	0.72
NM_173249	703	697	319.132429384	0.73
NM_131112	2386	2346	386.629842372	0.64
NM_001105277	2672	2644	160.630275467	0.64
NM_200006	1388	1349	171.59248498	0.67
NM_212723	3491	3477	291.341615019	0.68
NM_001033595	4350	3613	235.747450058	0.75
NM_001128671	3201	3060	177.797346426	0.62
NM_199633	3410	2666	116.718767839	0.61
NM_200710	2233	2163	185.781487141	0.71
NM_001281721	1433	1433	2885.42027231	0.71
NM_001080087	1141	1125	201.484639294	0.78
NM_200959	1797	1793	268.145965152	0.7
NM_001003863	2277	2163	138.248150096	0.71
NM_001313700	1944	1742	111.378212409	0.64
NM_214722	3146	3100	237.760866512	0.69
NM_130948	1240	1233	565.503027877	0.75
NM_001024817	3247	2935	115.760126258	0.69
NM_181603	4884	4776	145.118196504	0.71
NM_200921	1692	1434	132.66140226	0.64
NM_001013265	1080	1071	458.968075948	0.81
NM_001003422	932	867	187.834550967	0.72
NM_131572	903	900	374.809101729	0.74
NM_200735	1634	1440	143.140794481	0.69
NM_001017752	1868	1852	102.393857936	0.68
NM_153644	800	796	1090.83517172	0.76
NM_213250	3048	3013	317.377259546	0.68
NM_199559	2198	2045	110.235608944	0.68
NM_001002152	1741	1617	197.561663397	0.71
NM_001080753	912	899	242.894872482	0.7
NM_001009889	2617	2183	589.487270909	0.78
NM_212609	3157	3089	107.697395895	0.63
NM_001328586	881	842	205.411861346	0.73
NM_001040052	1228	438	158.941400977	0.81
NM_199683	1121	1115	361.05101647	0.72
NM_001111176	2020	1351	120.067745679	0.81
NM_173263	1471	1453	208.889119657	0.72
NM_001077804	1835	1794	1332.98519484	0.76
NM_001001819	490	486	336.995345142	0.8
NM_200386	1221	1183	269.749773024	0.76
NM_001080196	2669	2580	101.649714824	0.64
NM_213366	2072	2019	142.967771146	0.58
NM_213145	1383	1373	366.66818186	0.66
NM_213159	1406	1362	133.576308762	0.69
NM_001308825	7501	6950	130.960725244	0.61
NM_173247	1264	1264	1249.8674584	0.75
NM_001103116	1209	949	141.033108342	0.68
NM_199864	1251	1194	143.881680537	0.66
NM_001089356	2793	2051	187.357361604	0.65
NM_001002139	610	609	802.797909829	0.81
NM_001002512	1212	1143	105.486062903	0.69
NM_200694	868	858	435.63427185	0.75
NM_001004675	823	793	159.344041721	0.66
NM_001017867	1024	991	129.326337882	0.59
NM_201298	2030	2017	526.548166964	0.75
NM_001004674	895	885	579.791637885	0.74
NM_001009990	1994	1930	178.04601778	0.65
NM_177479	912	911	339.42768063	0.71
NM_001002162	1955	1918	112.087142974	0.66
NM_001017699	777	769	237.608140716	0.7
NM_131833	1490	1469	265.380263314	0.64
NM_001083028	2853	2829	179.348362485	0.67
NM_001082837	2181	2104	117.49232095	0.62
NM_001077730	2054	2017	106.768752104	0.64
NM_200974	1246	1208	252.937934904	0.66
NM_200993	2423	2401	380.366864333	0.73
NM_200026	515	512	1315.82973133	0.82
NM_001079973	1842	1828	801.220565082	0.77
NM_001003623	2252	2225	242.39890187	0.66
NM_200086	1012	1010	590.661559368	0.82
NM_001030235	2960	1974	126.752430745	0.68
NM_213479	1687	1669	575.193888394	0.71
NM_001037424	1074	1074	1921.66854907	0.78
NM_205638	2794	2332	100.253527215	0.68
NM_214706	1706	1694	388.430361341	0.73
NM_199725	632	609	275.275066705	0.75
NM_201119	1889	1860	144.086058134	0.63
NM_201336	2817	2693	111.367815464	0.5
NM_001045064	6953	4887	160.457888732	0.72
NM_001328342	1608	1593	540.011047698	0.66
NM_001144793	820	806	212.647393284	0.67
NM_001309525	2542	2237	184.442585639	0.64
NM_212782	2794	2012	101.353911677	0.64
NM_001031668	3687	3467	103.688522905	0.6
NM_001081749	2396	2015	127.169397527	0.67
NM_001080653	963	935	130.773423915	0.73
NM_001114739	2663	2592	215.100381047	0.66
NM_001002703	931	818	205.756969965	0.75
NM_001256190	1048	970	363.956421555	0.76
NM_214757	1547	1515	164.58946892	0.68
NM_001102393	1428	1412	163.327885016	0.64
NM_001005955	934	900	210.723799342	0.74
NM_001002324	1626	1595	159.646072841	0.59
NM_200713	813	782	150.066978583	0.7
NM_001004589	2795	2780	180.389331115	0.65
NM_001002353	1295	1206	117.216050329	0.67
NM_001290080	3280	3046	394.129534475	0.67
NM_001256631	2491	2470	237.965428811	0.71
NM_001007383	1101	1081	401.191824968	0.65
NM_173266	486	477	278.637528727	0.76
NM_201192	2166	2164	259.921218692	0.69
NM_001328559	2598	1792	170.537796983	0.67
NM_001076615	1233	1216	127.107647084	0.67
NM_001320425	2084	2055	147.60996108	0.68
NM_001040094	1945	1671	162.560307111	0.65
NM_213181	1884	1735	114.140282626	0.66
NM_213364	2853	2810	268.40593323	0.39
NM_131455	2783	2748	286.942056189	0.7
NM_131247	1497	1487	251.567430219	0.69
NM_205590	943	880	108.030416493	0.66
NM_200675	1581	1458	141.347336523	0.75
NM_001089546	1288	1243	159.172120697	0.63
NM_201111	2387	2362	183.021025499	0.73
NM_200114	1681	1661	150.652288625	0.61
NM_213377	570	569	726.021544627	0.81
NM_213000	1716	1691	198.715386813	0.68
NM_199812	2747	2665	105.803504273	0.62
NM_212725	2193	2031	102.334567439	0.64
NM_001044993	2166	2127	160.586467163	0.69
NM_213462	1939	1743	113.19832675	0.69
NM_131637	1945	1909	504.221123804	0.73
NM_199797	2348	1734	125.635092049	0.66
NM_200265	986	946	102.793381233	0.74
NM_201214	1758	1710	288.949111899	0.77
NM_001126433	4113	3953	145.648347497	0.67
NM_213204	482	482	914.960221944	0.85
NM_001077285	1662	1606	108.700322599	0.55
NM_198809	1593	1560	441.57235173	0.66
NM_181559	1968	1945	191.009164731	0.65
NM_001105128	967	879	109.251451019	0.67
NM_001080054	2651	2624	176.501981431	0.66
NM_001044767	4842	3453	138.00129477	0.65
NM_213641	1708	1285	168.052823869	0.64
NM_001109741	1428	1343	143.760519791	0.8
NM_214696	2658	2640	554.240038744	0.53
NM_001002527	968	606	104.705313371	0.67
NM_200068	3044	3025	341.228946514	0.64
NM_001017637	1944	1881	227.181396608	0.74
NM_001002866	472	472	394.2780099	0.84
NM_001008732	2434	2293	156.61324141	0.71
NM_001114710	1397	1344	152.098386169	0.62
NM_199650	2613	2586	131.386264393	0.61
NR_132113	1666	1606	553.401286479	0.86
NM_205668	1493	1474	194.978827309	0.73
NM_198146	3318	3119	136.983396446	0.63
NM_173261	3588	3362	185.272349589	0.65
NM_001017899	1282	1192	268.691642623	0.73
NM_001161487	585	555	287.445482076	0.78
NM_001327928	826	767	2355.58694915	0.79
NM_173264	860	773	103.223156424	0.72
NM_001126455	927	906	246.845810897	0.74
NM_200260	1376	1363	263.526254315	0.73
NM_213406	1601	1564	154.837669515	0.69
NM_001024395	1099	1053	154.249072893	0.71
NM_199729	1901	1774	147.190802357	0.74
NM_001033108	1865	1849	296.546214316	0.68
NM_001098392	1870	1870	1046.23036548	0.7
NM_205558	1625	1603	129.372689215	0.65
NM_001309473	986	885	166.987458611	0.72
NM_213417	619	595	689.7255113	0.78
NM_201138	1662	1627	219.743103855	0.72
NM_213514	2079	1035	161.287419042	0.95
NM_001301360	2299	2250	208.782650367	0.66
NM_001351711	4299	2774	110.094366822	0.68
NM_173224	998	997	1310.0283693	0.76
NM_200743	1036	1023	329.076679041	0.69
NM_198358	2667	2645	348.827801784	0.7
NM_200096	1729	1727	241.042697323	0.69
NM_199930	1981	1838	227.505969796	0.7
NM_131493	1109	966	403.876153257	0.73
NM_001076568	1580	1473	100.230149887	0.67
NM_199748	1245	1201	108.585599426	0.69
NM_213176	2872	2820	252.263931422	0.7
NM_001326495	899	769	138.989099262	0.67
NM_001045388	833	833	803.482201488	0.74
NM_213351	1541	1538	469.823760089	0.79
NM_212628	1695	1666	303.252265876	0.69
NM_199839	2240	2133	290.411084665	0.69
NM_001040351	3343	2822	107.52267986	0.6
NM_001003728	818	797	164.836103925	0.76
NM_200564	1980	1908	195.775152312	0.74
NM_200025	417	411	387.485612019	0.82
NM_199983	2598	2596	383.462624285	0.67
NM_001160335	1296	588	256.008586679	0.81
NM_199843	2780	2752	269.160742409	0.76
NM_001002086	1396	1313	109.479647951	0.7
NM_001037667	6656	5183	217.883576585	0.71
NM_213331	1267	1246	130.716760512	0.61
NM_001319650	804	589	197.982509986	0.73
NM_001013300	2429	2379	112.279681312	0.54
NM_001033746	1944	1113	134.544993909	0.72
NM_001025536	2800	2715	184.743368278	0.63
NM_001159825	533	454	174.166942817	0.76
NM_001002082	950	916	308.498206959	0.76
NM_001017565	1107	1095	229.306484524	0.69
NM_130941	4366	4268	150.502093086	0.64
NM_001017582	728	710	292.404854888	0.75
NM_205627	2866	2855	231.685102425	0.71
NM_200203	1246	1191	115.361156804	0.6
NM_213638	1000	998	850.149663698	0.75
NM_152972	2976	2948	570.945611267	0.76
NM_200094	2754	2731	216.16051848	0.71
NM_182866	2633	2137	568.491160129	0.75
NM_199734	1635	1614	202.579195751	0.73
NM_131331	1327	992	102.096673226	0.75
NM_001044811	947	887	104.013499526	0.67
NM_001200020	2734	2665	127.908896736	0.65
NM_199481	1939	1937	1211.35147966	0.7
NM_199546	1638	1596	196.7512684	0.77
NM_001017633	1921	1920	494.881852856	0.64
NM_001007159	2793	2666	128.937410846	0.63
NM_199672	2895	2245	129.757520212	0.7
NM_001008603	1538	1495	148.374167435	0.62
NM_213080	2202	2159	808.461700311	0.67
NM_198121	1234	1208	1130.93839046	0.75
NM_131686	3477	3423	203.093001958	0.72
NM_200781	1741	1707	145.651161571	0.69
NM_201452	5093	3141	124.901122117	0.66
NM_213436	2444	2213	112.788225217	0.64
NM_001008627	2362	2354	243.966497984	0.69
NM_212676	1015	971	112.757049154	0.62
NM_199811	2421	2389	219.101830179	0.68
NR_138548	701	643	613.670570334	0.82
NM_001007055	1328	1318	251.013182418	0.72
NM_131176	1454	1453	751.270718183	0.73
NM_200298	785	764	892.202620786	0.81
NM_212709	1904	1880	178.706913584	0.64
NM_001252559	2418	2262	159.713508037	0.7
NM_001040043	498	498	846.324869421	0.79
NM_212986	1706	1625	168.846889792	0.65
NM_001044754	1503	1503	448.089728826	0.7
NM_200029	495	483	231.333120759	0.7
NM_001040321	1659	1599	554.8805271	0.86
NM_001020774	3642	3410	212.293059295	0.68
NM_001045049	1708	1689	549.474823428	0.63
NM_001002106	1038	1038	805.700443209	0.83
NM_201318	1400	1400	515.114423544	0.78
NM_200103	2231	1940	118.81081224	0.71
NM_001005953	794	749	227.903562355	0.7
NM_001328426	1833	1668	145.258585665	0.68
NM_001020523	1307	1282	144.313974385	0.66
NM_001025186	1368	1362	176.072675213	0.72
NM_213382	1769	1761	473.066550767	0.75
NM_001007372	974	958	139.996805371	0.67
NM_001002097	987	960	301.891986887	0.77
NM_001003869	1684	1683	615.324389652	0.67
NM_183072	3116	2970	225.997043388	0.68
NM_173235	635	536	534.231051421	0.75
NM_001040380	2222	1695	131.065815866	0.67
NM_131376	1589	1572	442.424436488	0.73
NM_212599	3242	3033	199.145841821	0.62
NM_212832	2205	2171	418.884225328	0.75
NM_001002427	555	552	342.871482887	0.81
NM_198807	2455	2439	618.54391817	0.67
NM_131390	2996	2960	314.189251204	0.71
NM_200303	785	785	1317.76998827	0.81
NM_001003447	678	667	321.539809224	0.78
NM_199711	2891	2636	225.945123467	0.7
NM_130912	2296	2236	348.089396732	0.7
NM_212762	435	422	245.958257086	0.81
NM_199555	1267	1227	119.329641794	0.67
NM_199679	2346	2330	221.268684102	0.71
NM_201500	2311	2230	114.368723603	0.6
NM_200190	1637	1592	204.506524733	0.72
NM_213053	2688	2654	180.629876091	0.62
NM_207063	1357	1340	327.385695413	0.74
NM_198805	3777	3677	133.283181763	0.57
NM_001004601	3178	3157	566.238009965	0.74
NM_212880	2206	2158	144.648722226	0.64
NM_001002069	344	343	530.829664253	0.82
NM_001003474	1440	1414	161.777767248	0.73
NM_200632	2012	1642	125.31906657	0.68
NM_200467	1846	1818	147.921754199	0.71
NM_001013538	3493	2831	145.533673781	0.68
NM_001002486	304	304	736.683040615	0.88
NM_001012316	494	491	281.921813562	0.83
NM_213015	1944	1912	849.818661304	0.79
NM_173251	890	886	702.70516259	0.73
NM_001006082	1057	991	174.93446823	0.73
NM_001102392	571	564	170.34135562	0.76
NM_131734	904	884	633.529951548	0.62
NM_001024073	1943	1918	341.472173278	0.72
NM_200065	3086	3060	216.718268737	0.67
NM_001033751	1111	1080	146.713406576	0.7
NM_001005931	2331	2307	281.953444424	0.75
NM_213113	524	517	312.456273928	0.75
NM_001080184	1867	1859	405.466796769	0.76
NM_001313770	853	837	2329.73474405	0.66
NM_001351798	728	680	197.404408416	0.83
NM_001099251	1172	1134	146.664411297	0.69
NM_001244839	1213	1164	148.575464626	0.75
NM_212758	782	781	817.425255498	0.76
NM_001111244	4101	3645	115.660945554	0.63
NM_001145554	4414	3827	138.284268078	0.66
NM_213070	1739	1730	590.183044567	0.63
NM_199994	1598	1584	256.027630519	0.69
NM_201061	504	501	451.63298394	0.82
NM_131059	3350	3274	149.596932398	0.68
NM_001089544	1215	1096	114.878879754	0.67
NM_001077314	2329	2121	178.866604773	0.69
NM_001305583	2333	2302	148.211783414	0.63
NM_001017599	1089	1060	163.283310818	0.6
NM_001328092	964	895	104.378293365	0.72
NM_198802	1827	1740	159.888260799	0.61
NM_213434	3998	2936	179.427571578	0.65
NM_001006013	770	734	234.129221399	0.72
NM_001005589	851	846	229.832933677	0.76
NM_213178	1954	1951	967.82217752	0.77
NM_201496	2160	2118	147.77053977	0.67
NM_001008646	3009	2755	107.098781304	0.64
NM_131427	2914	2825	261.326837802	0.67
NM_194391	1438	1378	106.60445217	0.69
NM_001025472	2588	2555	141.118479993	0.64
NM_001326493	4171	4013	160.942901804	0.64
NM_001305594	1300	1268	151.794190298	0.67
NM_001080586	4372	3157	110.119156785	0.63
NM_200495	1495	1495	696.708971993	0.77
NM_213021	826	808	256.634034742	0.71
NM_199432	2083	2065	127.186378475	0.69
NM_201488	2650	2614	323.042977902	0.69
NM_198143	657	655	394.083280061	0.73
NM_178294	966	947	294.760404121	0.66
NM_001002160	1522	1495	182.154978535	0.75
NM_001006055	878	840	106.878534777	0.77
NM_001007327	2489	2165	106.658987402	0.6
NM_200934	1741	1194	161.737869729	0.78
NM_205667	963	962	1217.47256792	0.73
NM_201053	1915	1874	108.480646994	0.64
NM_001017797	1307	1307	1490.50026436	0.78
NM_200839	1497	1490	138.164025676	0.64
NM_001099263	1036	1032	199.373525529	0.71
NM_001044756	2636	2557	153.92771562	0.64
NM_001002525	1577	1538	200.809946531	0.71
NM_130995	2082	2072	950.689687519	0.69
NM_131189	4935	4891	672.614064308	0.7
NM_213439	1234	1234	1442.31345129	0.76
NM_200431	2094	1998	415.4851254	0.69
NM_001002317	629	616	203.066940827	0.74
NM_001320133	1786	1722	156.696271891	0.64
NM_200961	1367	1337	195.162828158	0.8
NM_200053	755	738	185.568365748	0.68
NM_001017863	937	911	161.35716601	0.69
NM_001044967	1716	1475	109.236961326	0.68
NM_001082838	4174	2864	122.844058735	0.7
NM_001080806	7312	5138	270.359342915	0.73
NM_001002521	960	948	198.747021177	0.73
NM_213079	1728	1727	642.399898809	0.72
NM_153663	2643	2457	198.341296887	0.68
NM_205541	1833	1808	431.623790137	0.68
NM_001013460	1182	946	101.157015501	0.68
NM_200034	781	737	161.764649023	0.73
NM_001001590	1354	1299	351.653380509	0.75
NM_213002	1422	1313	136.061276194	0.7
NM_200157	2789	2754	108.865532184	0.59
NM_001017866	726	616	129.828037124	0.71
NM_200988	2330	2303	141.186638144	0.65
NM_131382	1726	1697	228.573354632	0.68
NM_001130697	679	630	134.768909203	0.85
NM_001005590	2862	2412	119.141474432	0.67
NM_200745	852	787	270.782551805	0.77
NM_198922	2543	2524	187.493236959	0.67
NM_001139462	1351	1284	109.454493622	0.66
NM_001017574	1635	1635	857.135265051	0.7
NM_001100089	1610	1538	277.505349314	0.71
NM_131145	2634	2614	152.418911622	0.61
NM_212994	2227	2178	231.007037391	0.64
NM_001045349	1628	1598	470.270434012	0.81
NM_001045469	3123	1567	107.258365411	0.72
NM_131309	1418	1126	260.175721616	0.64
NM_199677	2030	1849	145.588960543	0.7
NM_131599	1227	972	321.050341578	0.71
NM_200049	1187	1132	101.137387467	0.69
NM_200626	1845	1800	152.751939302	0.65
NM_213302	1639	1638	2295.56942	0.78
NM_178287	841	683	116.004960386	0.64
NM_213510	2570	1131	311.973500965	0.72
NM_001001593	537	526	601.078303449	0.86
NM_001271474	826	787	762.332231384	0.69
NM_001004003	3275	3232	195.848596315	0.7
NM_001258317	1001	983	228.936118988	0.77
NM_131069	2357	2357	420.237280233	0.71
NM_173234	483	481	713.29540425	0.84
NM_131620	1430	1416	321.378162401	0.72
NM_001001818	2591	2532	228.293074682	0.68
NM_001079974	2913	1743	134.660554253	0.67
NM_213013	986	986	308.108307495	0.71
NM_001025503	1688	1672	441.32793135	0.71
NM_200047	832	826	425.169158484	0.78
NM_001309267	2448	2379	298.853095824	0.68
NM_131810	1946	1723	115.784017983	0.7
NM_213293	1692	1687	491.881417837	0.73
NM_001003544	1244	1210	120.347899009	0.63
NM_001004667	1392	1376	288.413723739	0.75
NM_001003414	1644	1625	337.931440115	0.79
NM_001006005	498	496	531.16967094	0.77
NM_001002575	1120	1110	264.998080114	0.7
NM_001024377	2023	1936	103.211902594	0.67
NM_001102629	1594	1591	240.612478736	0.69
NM_200544	1425	1351	123.186500411	0.75
NM_200184	1547	1428	178.802341193	0.58
NM_199790	2376	2238	138.643399808	0.7
NM_001002067	764	735	242.982733307	0.68
NM_001005941	1106	1102	498.826060012	0.7
NM_199671	1288	1279	532.98836726	0.75
NM_001123288	3124	2551	104.630830659	0.66
NM_213530	1628	1601	179.313140447	0.65
NM_205709	1157	1140	391.28315231	0.67
NM_001007375	881	857	714.661641672	0.75
NM_205714	1652	1619	133.990765208	0.67
NM_001077613	3350	3018	203.39535836	0.63
NM_201324	2071	1922	142.300526188	0.66
NM_205658	522	454	112.002471804	0.65
NM_131368	2562	2309	184.203300643	0.68
NM_001043323	817	815	1469.10711924	0.77
NM_199743	2545	2451	133.02680608	0.69
NM_001089542	2618	2183	120.907504144	0.68
NM_199780	3197	2531	121.10474037	0.61
NM_001081629	3711	3561	212.226818207	0.69
NM_001044332	2091	2072	419.286029709	0.65
NM_001017764	2229	2188	118.122747202	0.56
NR_132439	3553	3291	119.72372693	0.58
NM_001025452	2323	2230	121.159596189	0.68
NM_213165	1693	1666	160.927875338	0.72
NM_001327745	2576	2560	403.845439683	0.71
NM_001103112	2902	2774	122.583565659	0.68
NM_001003844	919	808	178.422594562	0.74
NM_001034180	1807	1757	112.178609963	0.66
NM_001123389	4247	3117	134.627797623	0.63
NM_001131053	552	551	299.58630564	0.59
NM_200808	527	506	155.468121855	0.69
NM_001105596	685	663	177.670031442	0.71
NM_131456	3732	3701	248.276119731	0.72
NM_001310015	5539	4463	195.812311776	0.72
NM_001313759	4194	3641	120.970175711	0.66
NM_212787	1664	1451	103.185245596	0.62
NM_212904	1981	1068	144.593407706	0.72
NM_001159911	659	628	169.81815505	0.74
NM_001003730	1436	1346	117.261831975	0.7
NM_001017769	1380	1284	413.826701535	0.8
NM_001012499	3307	2614	188.309047622	0.61
NM_200281	1784	1752	127.184789712	0.64
NM_201189	3358	3129	114.07421495	0.63
NM_001113591	2287	2284	323.743325636	0.65
NM_001245968	5678	3431	128.691531379	0.67
NM_001243037	635	621	297.906003729	0.78
NM_001037239	1102	876	163.292699223	0.71
NM_201010	1360	1342	223.000304383	0.64
NM_201153	832	828	264.123273556	0.75
NM_001127470	488	470	194.262575896	0.83
NM_200425	2026	1853	126.546090736	0.74
NM_001079805	1560	1536	169.477989929	0.63
NM_212601	1458	1403	141.66317372	0.7
NM_212940	3136	3112	254.370172746	0.75
NM_212818	1632	1620	1997.60943358	0.69
NM_001044902	1913	1891	291.030768976	0.71
NM_200171	1702	1484	106.541701239	0.68
NM_001030232	1930	1892	223.919833607	0.61
NM_213146	2620	2174	114.209854477	0.66
NM_200115	1931	1723	145.357091636	0.61
NM_213640	2749	2666	157.479520781	0.62
NM_001130783	3071	2355	100.902619539	0.64
NM_213180	1506	1496	780.134881245	0.75
NM_205722	1431	1417	177.816213492	0.72
NM_213037	926	911	290.355856004	0.73
NM_001079912	2214	2082	102.016759837	0.53
NM_001076652	2835	2700	103.297995635	0.6
NM_201194	2282	2279	264.556272083	0.67
NM_001001944	4039	3885	137.69501948	0.65
NM_152951	2332	2292	157.377479775	0.61
NM_001320439	3485	2606	108.828802716	0.69
NM_001030129	1762	1690	119.707086246	0.62
NM_001110022	2604	2128	154.431930863	0.66
NM_212595	2011	2007	493.558694849	0.73
NM_212996	717	717	1260.81574598	0.77
NM_199952	1472	1445	217.243456724	0.68
NM_001199436	4653	4601	602.781915776	0.68
NM_199333	2387	2360	134.120063574	0.55
NM_001002677	1296	1231	1245.01859305	0.77
NM_001327809	2306	2166	109.02648722	0.67
NM_001003532	1764	1744	335.145872917	0.7
NM_200774	1411	1378	186.765679694	0.65
NM_181330	2728	2644	112.687705638	0.65
NM_001289906	2416	2393	397.647857094	0.72
NM_001002748	1493	1322	166.60907165	0.62
NM_200754	666	620	104.207856172	0.75
NM_001198751	711	518	1113.63197894	0.84
NM_001044809	4571	4530	206.122635418	0.62
NM_001199367	1107	1107	1597.14297136	0.68
NM_001030209	1904	1901	587.490252793	0.72
NM_001202426	924	883	145.742955318	0.79
NM_200815	451	450	739.290143189	0.82
NM_001105588	2100	2036	120.857174566	0.65
NM_200765	520	515	392.124182528	0.83
NM_001003507	1380	1361	175.522780468	0.69
NM_199707	3859	3622	106.94174558	0.53
NM_199865	576	549	143.875000028	0.72
NR_135185	805	398	150.279787323	0.79
NM_201122	430	416	228.917421635	0.75
NM_212710	2233	2080	198.562225492	0.68
NM_001003843	777	772	382.007226396	0.78
NM_199949	1010	794	425.506818892	0.79
NM_212757	1834	1706	166.700685169	0.67
NM_212698	1094	1055	118.345927904	0.71
NM_199708	2037	2036	999.158886406	0.73
NM_001309383	1906	1789	213.460188065	0.72
NM_001045402	900	895	763.518174024	0.81
NM_213528	3446	3424	271.410055785	0.7
NM_205562	1110	1107	497.874152956	0.78
NM_205580	1191	1184	440.409422682	0.68
NM_001013568	2084	1815	104.424650158	0.62
NM_152949	1899	1896	949.112075471	0.73
NM_173232	700	690	317.074951255	0.77
NM_199278	1687	1628	169.46271249	0.71
NM_001077738	2536	2460	113.672279982	0.63
NM_201060	620	618	607.204457067	0.77
NM_200696	785	774	255.485131509	0.8
NM_213385	1514	1504	142.818764935	0.66
NM_205689	1543	1521	121.000678366	0.68
NM_131710	2418	1686	167.481677483	0.66
NM_001256194	1220	1195	214.980333429	0.7
NM_001002116	1747	1536	101.551640887	0.65
NM_001013443	4163	3841	133.947563609	0.63
NM_213383	1824	1788	317.970680535	0.71
NM_199535	768	758	516.659603788	0.72
NM_200771	1335	1211	107.62996001	0.67
NM_131450	2067	2009	740.142866949	0.62
NM_001288657	839	809	244.619466135	0.74
NM_001199737	2076	1992	117.350736263	0.68
NM_001003861	634	630	334.635718228	0.78
NM_001004665	755	592	283.829507275	0.79
NM_200102	2428	2254	163.26869143	0.69
NM_131057	2859	2607	118.935492119	0.68
NM_212612	2529	2226	186.68769997	0.62
NM_198356	3253	3087	126.115811793	0.65
NM_200801	1181	1151	167.105678353	0.69
NM_199980	1802	1784	265.314598796	0.71
NM_199933	3311	2663	234.971532326	0.56
NM_001003888	644	544	125.267446986	0.62
NM_201309	2747	2601	165.667124908	0.71
NM_001110371	2492	2464	399.633118223	0.65
NM_131760	1239	1191	248.141436926	0.65
NM_199723	2044	2028	241.766654311	0.74
NM_001003434	357	326	433.035904656	0.88
NM_214768	3311	3267	198.791154714	0.66
NM_200227	509	507	428.709791356	0.73
NM_001256729	1792	1767	204.968614776	0.66
NM_001115123	6890	3277	125.358559614	0.71
NM_001083577	3079	2892	139.135862889	0.64
NM_001303006	1567	1485	160.232099063	0.73
NM_206888	2571	2461	133.134561666	0.57
NM_001326708	1284	1231	195.805855005	0.74
NM_199640	2424	2416	256.522136504	0.61
NM_201467	1977	1959	337.47002033	0.65
NM_198142	2269	1857	336.847915373	0.7
NM_213294	1525	1509	301.350942211	0.71
NM_200502	613	613	365.029905943	0.83
NM_212598	1558	1478	190.115263865	0.65
NM_199670	2073	1671	113.040003772	0.63
NM_001326447	1381	1303	114.167275533	0.72
NM_001005769	1842	1832	362.70285743	0.7
NM_200302	1501	1498	450.706921054	0.74
NM_131714	3483	3086	132.991619089	0.68
NM_001002050	1276	1081	140.445071654	0.66
NM_214718	2014	1959	112.950634562	0.64
NM_001013552	1015	889	281.241683351	0.66
NM_131452	2133	2113	264.934141497	0.66
NM_200125	1594	1476	112.357864022	0.65
NM_001144803	2895	2848	175.768366758	0.7
NM_201141	184	175	226.614323853	0.85
NM_199727	2361	1747	128.29733314	0.98
NM_213072	1521	1480	337.991595	0.74
NM_212587	1840	1838	1055.66945239	0.74
NM_001160409	1279	1046	125.104919116	0.7
NM_001030063	2342	1350	111.204865561	0.63
NM_199963	1953	1940	158.849389533	0.66
NM_131883	2454	2365	288.678045638	0.71
NR_132112	1059	990	132.396672045	0.74
NM_201323	1231	987	148.523979588	0.68
NM_198371	2241	2204	122.100593483	0.62
NM_201584	658	658	2047.40558506	0.81
NM_001076569	1891	1866	202.555412388	0.67
NM_001105526	393	377	318.160836163	0.85
NM_213317	2315	1859	990.879305447	0.75
NM_199518	2000	1305	158.343743917	0.68
NM_201129	2859	2844	239.60163342	0.68
NM_001002867	8579	8539	284.347897502	0.72
NM_200221	1906	1892	240.168076013	0.69
NM_200550	1782	1697	220.392843035	0.73
NM_212977	1620	1606	1010.67020966	0.69
NM_201451	1923	1563	117.53559895	0.58
NM_001004635	1079	1055	187.894459166	0.73
NM_001002064	1628	1455	108.057180668	0.67
NM_001017994	1879	1720	106.501954546	0.62
NM_131524	2159	2095	524.931970361	0.76
NM_173236	2213	2201	456.568703822	0.65
NM_001008644	4525	2981	140.688823802	0.69
NM_200056	904	892	265.011229246	0.73
NM_001115095	3041	2958	182.723885083	0.63
NM_001270554	2133	2132	509.887032297	0.68
NM_001136185	614	584	124.242567006	0.69
NM_001003452	1457	1438	161.874611632	0.66
NM_213182	1676	1625	211.752372558	0.47
NM_201513	1945	1930	300.822416074	0.74
NM_200650	2313	2243	904.941216159	0.69
NM_001309640	3873	2377	180.740256699	0.73
NM_152973	2095	2075	239.127310885	0.66
NM_001077322	723	720	443.41973421	0.84
NM_001002438	541	511	111.743711003	0.72
NM_001020749	1069	1037	204.973091635	0.72
NM_212663	2972	2662	122.4331193	0.66
NM_001013533	2369	2368	706.024913428	0.66
NM_198806	2485	2468	184.735968842	0.7
NM_001037222	1931	1869	290.708593547	0.71
NM_001002505	686	684	484.457253906	0.78
NM_213168	2419	2394	399.168459077	0.72
NM_001002465	1193	1049	100.878399494	0.64
NM_001002487	411	391	134.419230902	0.75
NM_212671	1372	1363	445.416548365	0.75
NM_001166123	696	650	146.767685902	0.74
NM_001002164	1610	1578	171.644186039	0.61
NM_201082	2474	2470	254.837637455	0.66
NM_001077164	1425	1389	116.965743102	0.63
NM_214712	1663	1606	100.456472538	0.66
NM_001243034	1098	1060	122.579552605	0.67
NM_001007296	1464	1452	196.341012393	0.65
NM_001102634	544	442	354.051757438	0.92
NM_212802	2687	2668	198.772527128	0.66
NM_200261	2924	2848	222.624782395	0.74
NM_153661	1378	1371	289.785120582	0.55
NM_001020472	2034	1772	132.773442507	0.68
NM_001017651	1317	1184	146.216465957	0.72
NM_001105599	1365	1355	517.042980853	0.73
NM_001005949	954	848	133.409438551	0.71
NM_001076720	1399	1374	122.965694179	0.63
NM_001089371	1328	1311	172.82700451	0.62
NM_200192	1621	1577	119.771074038	0.57
NM_199628	1738	1531	134.359559735	0.57
NM_201101	887	887	2170.05942078	0.71
NM_001020761	775	731	156.524067603	0.75
NM_001030227	3083	2878	142.506253311	0.58
NM_131761	833	640	103.727679291	0.66
NM_173238	3052	2989	214.897302113	0.74
NM_001123299	3138	2794	128.094993112	0.63
NM_213077	5079	5054	508.016506101	0.74
NM_001077355	1851	1825	104.571457083	0.59
NM_001017896	893	862	234.896036584	0.77
NM_001159946	743	683	155.115538728	0.7
NM_213527	3432	2970	103.951499252	0.65
NM_001004289	2206	2147	144.886114421	0.68
NM_199997	1964	1936	268.616066783	0.68
NM_199599	1472	1336	122.713824856	0.69
NM_201062	1892	1876	131.121141926	0.66
NM_130925	1985	1985	1109.03241043	0.79
NM_213486	1795	1582	100.492917093	0.65
NM_212833	990	984	1276.80108307	0.8
NM_194417	2696	2612	222.775419923	0.71
NM_205612	1200	1082	107.286080358	0.66
NM_200120	3568	3269	163.24618609	0.67
NM_001004597	3045	2647	134.7376801	0.67
NM_199692	2181	2128	123.531127314	0.59
NM_001076617	1423	1349	100.560711861	0.66
NM_001017748	996	639	102.631139922	0.7
NM_001037386	2280	2080	223.894961417	0.7
NM_001044983	507	493	245.756962779	0.79
NM_001039497	1208	1159	143.622234284	0.64
NM_213034	513	353	670.791558241	0.93
NM_001012366	2584	2560	216.054898705	0.71
NM_001243178	360	331	545.624620581	0.86
NM_199575	2146	2078	212.585366927	0.64
NM_200366	1456	1421	134.200122772	0.62
NM_001098730	1026	998	133.954174838	0.72
NM_200911	1640	1600	157.573378812	0.66
NM_200607	1909	1850	138.374005677	0.7
NM_001003609	3381	2195	116.865112784	0.63
NM_001033106	1940	1927	449.256107025	0.71
NM_201477	1088	1048	109.764114307	0.6
NM_200101	2096	2069	155.550323737	0.69
NM_200219	618	581	156.411446728	0.69
NM_131252	2569	2418	110.350787717	0.61
NM_199863	2172	1856	105.70170959	0.56
NM_213536	1947	1928	133.776638909	0.65
NM_001102676	5182	4158	133.968432867	0.71
NM_001024440	1132	1095	105.000932052	0.63
NM_214770	1751	1730	118.849230936	0.58
NM_001159528	565	552	333.205807568	0.9
NM_001044779	1182	1132	447.094242761	0.72
NM_199516	2304	2296	205.32076133	0.69
NM_131773	3544	3210	136.061256951	0.66
NM_001089339	2002	1908	104.419959589	0.68
NM_001003878	1843	1686	102.193425509	0.59
NM_131820	3292	3020	236.925566281	0.76
NM_194394	1014	949	106.862699338	0.69
NM_201315	2419	2329	164.027957938	0.66
NM_213262	2403	2392	311.270141712	0.76
NM_131513	1495	1492	2882.31063158	0.72
NM_212626	1541	1515	256.295003923	0.69
NM_213438	3154	3020	107.25915826	0.59
NM_001003564	805	778	171.06458629	0.72
NM_001089426	1117	1058	113.346094071	0.7
NM_001305588	928	867	143.882605977	0.71
NM_201056	713	703	191.723473964	0.75
NM_199764	1821	1728	114.111580393	0.68
NM_205537	1272	1253	208.674008191	0.75
NM_001009898	878	873	263.130322189	0.67
NM_205673	1403	1387	739.944450354	0.68
NM_199845	1826	1752	119.082443639	0.65
NM_001110386	542	505	152.803578204	0.69
NM_001004527	2223	2195	128.348231662	0.64
NM_001024407	769	764	410.240564659	0.77
NM_207055	2612	2533	126.628039058	0.65
NM_001083544	548	542	259.96961817	0.84
NM_001256193	1325	1315	231.003670555	0.69
NM_131294	747	694	132.649838046	0.67
NM_200823	5471	5179	185.136033554	0.63
NM_001302478	479	463	298.71654055	0.81
NM_200418	2988	2686	107.849713467	0.67
NM_001308551	1728	1668	128.16788605	0.69
NM_212828	1860	1830	181.704823552	0.71
NM_130939	1435	1435	2414.63727442	0.64
NM_001083017	2983	2083	103.887218925	0.69
NM_199914	1523	1371	101.703078553	0.57
NM_001025460	2415	2408	726.556885859	0.71
NM_205560	1988	1728	142.268483117	0.64
NM_001002378	887	637	144.890438547	0.74
NM_201026	2098	2043	116.825109705	0.69
NM_200852	722	722	607.005043674	0.76
NM_201039	867	848	349.535344407	0.75
NM_001252373	912	819	134.702995699	0.69
NM_213644	826	820	213.039297016	0.73
NM_199876	1622	1567	222.06368409	0.67
NM_194374	4303	3298	182.93645222	0.69
NM_001172556	1236	1174	128.899296139	0.61
NM_213449	3598	3124	105.131656241	0.63
NM_199757	451	418	117.661321954	0.62
NM_199542	4070	3247	182.006256593	0.63
NM_001123057	1091	1029	122.514438795	0.62
NM_001003995	1512	1469	124.507152724	0.7
NM_001003875	2443	2416	158.04622459	0.72
NM_200835	2679	2664	176.208702943	0.63
NM_001310843	983	828	112.966327348	0.69
NM_001003890	2344	2334	875.286933513	0.72
NM_001030065	3197	2312	138.859756899	0.67
NM_001013260	1373	1164	123.481040578	0.63
NM_178290	1341	1243	135.63208197	0.6
NM_213298	1609	1584	262.223926575	0.67
NM_001025516	1563	1529	145.302599105	0.7
NM_001110126	1521	1510	230.330511075	0.7
NM_200069	2277	2228	103.736746084	0.65
NM_001002698	998	989	217.286597226	0.76
NM_001017812	1326	1055	142.473663441	0.71
NM_001077250	1996	1963	302.189048146	0.74
NM_001256652	3850	3160	104.885668056	0.59
NM_200195	1963	1934	100.512128217	0.67
NM_001115140	2557	2483	151.246827035	0.63
NM_205559	2111	2091	271.996222149	0.74
NM_001007059	822	794	129.119389824	0.67
NM_001025471	1825	1626	102.577336405	0.64
NM_001001399	1042	964	115.814312909	0.7
NM_199657	2645	2563	102.579951236	0.6
NM_180965	852	852	3242.50620815	0.69
NM_001029972	1536	1504	227.977112272	0.63
NM_001123007	734	726	207.478419293	0.75
NM_200128	2240	2212	230.73747914	0.67
NM_001110403	2335	2335	1278.6392458	0.71
NM_001002335	1771	1763	336.7318091	0.68
NM_212641	1956	1937	135.173945067	0.65
NM_214772	3418	3332	133.339076978	0.67
NM_001289907	2400	2380	389.140137032	0.74
NM_001003868	590	569	119.213219261	0.74
NM_200750	463	461	414.435182866	0.79
NM_001007364	1096	1060	107.385673224	0.66
NM_001012498	640	626	230.644930272	0.78
NM_214817	1907	1898	224.103553167	0.69
NM_200107	1423	1356	282.411991303	0.45
NM_001128680	1477	1440	114.1447461	0.63
NM_199771	1782	1772	426.296766136	0.7
NM_001302466	626	512	141.161070628	0.72
NM_001079975	1926	1805	136.288958465	0.61
NM_198911	2905	2857	284.830553299	0.66
NM_201146	561	560	384.873921528	0.74
NM_199842	1959	1779	162.129043486	0.65
NM_001002115	1407	1371	131.713408009	0.65
NM_001013459	1299	1251	159.443763083	0.65
NM_001045471	1147	1105	177.094402273	0.68
NM_001282033	1209	1124	129.752719171	0.65
NM_201579	1950	1816	475.96742338	0.7
NM_200030	265	255	397.289539892	0.88
NM_001002440	876	791	102.38113542	0.62
NM_212605	1994	1143	299.536335206	0.73
NM_200912	2625	2538	151.802519658	0.7
NM_001202510	960	417	251.503305255	0.76
NM_001007153	1209	1189	242.791238719	0.76
NM_131662	2431	2019	108.603215133	0.75
NM_001044950	994	985	180.613726849	0.71
NM_178292	1271	1197	123.57565708	0.61
NM_212953	298	293	618.377199781	0.85
NM_001037672	791	535	108.937703656	0.67
NM_001126377	1826	1826	397.300484386	0.68
NM_212708	2973	2969	396.634188315	0.64
NM_214746	3154	2979	124.313309585	0.64
NM_213019	1049	888	102.282700337	0.71
NM_201577	2524	1957	103.761254924	0.53
NM_001024403	693	655	231.626451411	0.75
NM_001008602	1203	1082	108.900416593	0.75
NM_200304	1822	1801	215.851811404	0.69
NM_001077603	3283	2766	144.698087351	0.67
NM_001030239	2705	2486	171.973200118	0.64
NM_001006057	1041	973	127.672268733	0.72
NM_131569	3917	2927	110.550720029	0.63
NM_201092	1584	1541	100.376753167	0.61
NM_001017874	1045	1037	402.973979949	0.74
NM_212572	1919	1849	195.75077434	0.67
NM_001177453	903	900	183.879955055	0.77
NM_001040375	927	881	125.181538622	0.69
NM_001103194	1392	997	153.473435422	0.7
NM_199916	982	905	105.527404193	0.65
NM_001044341	2036	1909	119.476581227	0.64
NM_001256780	2608	2524	111.408998814	0.59
NM_200860	1037	938	110.824263885	0.66
NM_212769	1831	1756	181.285847031	0.69
NM_001034178	683	652	127.153056904	0.67
NM_001007186	1224	1140	190.002764784	0.67
NM_200028	466	460	305.331799388	0.81
NM_199746	2436	2417	273.11996111	0.73
NM_214714	2273	2227	114.544576451	0.66
NM_131512	2178	2102	370.683760238	0.75
NM_199778	1440	1240	101.734410646	0.64
NM_130926	621	621	1775.60436088	0.86
NM_001110402	2213	1975	100.709045748	0.63
NM_001077162	2184	2076	104.23176076	0.66
NM_001161470	3571	2365	112.572703673	0.57
NM_201191	379	377	343.126102586	0.8
NM_200220	2081	1911	155.44593625	0.66
NM_001002468	1022	973	114.030307523	0.63
NM_199724	483	470	221.669604401	0.77
NM_001002705	1817	1590	135.65667947	0.72
NM_194398	1339	1323	223.243467976	0.71
NM_001002429	1230	1183	101.005910632	0.62
NM_213279	889	885	238.308897634	0.77
NM_131585	1058	1039	185.386567432	0.5
NR_145818	2099	1868	6038.71491613	0.9
NM_001077313	3448	2115	120.727644033	0.64
NM_001326706	1360	1202	173.285448804	0.73
NM_001353934	559	549	6521.57141031	0.81
NM_214773	1667	1547	181.928785894	0.7
NM_213277	2437	2430	529.567425362	0.7
NM_001017878	557	537	121.829062555	0.7
NM_198140	1041	1041	1082.15761186	0.78
NM_001003731	915	898	254.363569413	0.78
NM_001037698	1606	1382	109.724623559	0.67
NM_001100070	893	881	1821.80832	0.78
NM_001024098	2200	2178	252.515492567	0.69
NM_201580	2315	1835	102.998854356	0.61
NM_200919	1303	1200	102.120996996	0.68
NM_001004560	2282	2209	120.628526446	0.62
NM_200130	1538	1516	142.785871098	0.64
NM_213466	1532	1530	562.42114053	0.72
NM_213208	687	684	378.402571236	0.78
NM_001004121	1722	1683	115.413279641	0.7
NM_212657	2706	2706	608.801780015	0.74
NM_001256179	1270	1214	105.690713015	0.62
NM_001013272	2053	1757	147.513084245	0.85
NM_131351	1260	1234	389.630431929	0.67
NM_199591	1983	1938	114.638552768	0.65
NM_201065	1326	1292	263.346417827	0.79
NM_180964	755	755	5978.03264158	0.62
NM_200161	1795	1762	130.821776935	0.63
NM_001013573	2294	2237	219.508996983	0.67
NM_001002073	1238	1193	283.698405752	0.77
NM_213107	1258	1242	112.350662164	0.67
NM_001004593	1842	1791	115.290356715	0.7
NM_001077156	2630	2106	109.41168044	0.68
NM_214736	1138	1094	102.897282819	0.65
NM_001162502	4392	3660	242.630300071	0.66
NM_001089428	3015	3003	527.417111831	0.68
NM_001002079	503	500	416.887256252	0.79
NM_199428	1597	1526	478.2126488	0.71
NM_001077330	778	761	142.538500203	0.69
NM_001006022	1281	1221	108.291638554	0.71
NM_001004561	2028	1969	168.368141107	0.63
NM_001003432	636	632	709.781480822	0.82
NM_213722	1391	1386	193.470382309	0.67
NM_001037677	453	431	123.07429735	0.73
NM_001003648	2563	2507	205.832647187	0.67
NM_001351700	2305	1890	702.548991152	0.66
NM_173233	520	488	195.845405438	0.81
NM_200360	1236	1211	130.864302446	0.57
NM_001098757	1759	1710	224.794083426	0.7
NM_001007168	1086	953	105.833932999	0.75
NM_200104	1558	1558	1285.05682683	0.64
NM_200720	900	864	375.452746572	0.76
NM_001007384	1474	1347	119.13102279	0.66
NM_200258	2133	2072	196.610672649	0.7
NM_001083818	2481	2448	206.339142992	0.68
NM_197937	499	498	961.151216124	0.67
NM_001082830	1131	1070	142.281325889	0.74
NM_199547	2150	2136	276.72250399	0.73
NM_199956	2049	2038	203.368429995	0.66
NM_001271817	931	908	479.410908856	0.71
NM_213426	1246	1165	211.043303775	0.81
NM_001201442	683	614	230.714237499	0.76
NM_001111168	1945	1924	390.629743819	0.67
NM_001002211	1406	1392	185.904656895	0.71
NM_173244	4899	3509	168.323479963	0.66
NM_199480	2006	1985	351.252224584	0.71
NM_001004641	1029	1027	176.848340347	0.67
NM_001024390	1205	1165	101.269844095	0.66
NM_001003860	687	686	475.983673828	0.77
NM_001008600	1454	1327	105.868739792	0.55
NM_212754	3274	3146	133.097644617	0.64
NM_212566	1185	1175	614.245538345	0.64
NM_214695	3131	2478	114.976754718	0.67
NM_001159983	774	685	107.607944628	0.69
NM_212581	3212	3023	412.745338492	0.66
NM_001045231	847	801	156.480282242	0.75
NM_205699	3086	2944	165.657590675	0.64
NM_199761	1288	1272	440.226559619	0.69
NM_213028	696	670	109.579478625	0.64
NM_214689	4274	2636	119.878794202	0.65
NM_212630	2077	2064	389.892989192	0.69
NM_200066	1645	1627	324.64069275	0.69
