NM_199761	1288	1279	426.018497903	0.96
NM_001007153	1209	1191	153.151098788	0.91
NM_001002686	1167	1126	109.249261143	0.86
NM_201475	1685	1666	364.045537781	0.94
NM_001040321	1659	1597	489.777684533	0.96
NM_001302466	626	504	101.871646291	0.88
NM_201450	3498	3371	105.01124663	0.87
NM_001309473	986	886	138.89563527	0.91
NM_001080046	2561	2466	106.251707206	0.88
NM_200774	1411	1379	157.721515852	0.91
NM_213021	826	809	223.951663232	0.94
NM_213364	2853	2835	138.351960012	0.89
NM_001024098	2200	2176	229.002239168	0.93
NM_213377	570	569	489.932424998	0.96
NM_001003634	2085	2053	231.288670625	0.93
NM_199670	2073	1968	100.523217567	0.88
NM_201217	2259	2172	177.552205548	0.93
NM_001002684	2073	2063	191.748360973	0.92
NM_001024073	1943	1935	368.941909429	0.95
NM_200911	1640	1593	127.079010426	0.89
NM_001081629	3711	3634	232.299450262	0.93
NM_001083818	2481	2452	196.626915716	0.92
NM_001002069	344	335	306.097669441	0.95
NM_153669	2212	2142	108.613028974	0.87
NM_199639	2171	2152	181.807072917	0.92
NM_199692	2181	2141	143.29870226	0.89
NM_001110371	2492	2473	405.662399322	0.95
NM_199547	2150	2147	300.773592495	0.94
NM_001025186	1368	1352	126.727442299	0.88
NM_200008	762	761	832.413990195	0.96
NM_001110105	2366	2317	148.715053195	0.91
NM_001045349	1628	1598	382.330109353	0.95
NM_213385	1514	1477	117.649858715	0.88
NM_001089427	2563	2548	208.913022123	0.93
NM_200881	1996	1927	110.494918073	0.88
NM_200125	1594	1562	165.344268566	0.92
NM_212828	1860	1830	163.300936088	0.9
NM_213219	2351	2280	135.077066514	0.91
NM_001017872	1966	1848	100.471750576	0.87
NM_131637	1945	1935	503.047120951	0.95
NM_200607	1909	1845	133.262512788	0.9
NM_001159314	4450	4330	108.496169502	0.86
NM_001102634	544	383	269.389088966	0.96
NM_001030000	785	768	205.423802062	0.93
NM_001079974	2913	2758	196.157716765	0.94
NM_213208	687	679	263.333004863	0.94
NM_131047	1625	1586	221.26463461	0.93
NM_213317	2315	1835	937.360691912	0.97
NM_201328	2579	2383	107.8267503	0.89
NM_152949	1899	1898	1039.07042911	0.97
NM_001089521	516	461	107.081326772	0.92
NM_201087	3796	3777	134.840199564	0.89
NM_001037691	926	766	330.396011226	0.95
NM_201176	975	902	101.09581638	0.86
NM_199925	1383	1346	107.554237891	0.86
NM_200974	1246	1213	233.041671302	0.93
NM_001002078	399	367	347.158698069	0.95
NM_001351711	4299	4141	120.546251905	0.89
NM_199555	1267	1232	120.664070401	0.88
NM_001172570	2593	2589	166.692982096	0.9
NM_201214	1758	1720	211.379281551	0.93
NM_183072	3116	2972	291.002759097	0.94
NM_001005941	1106	1102	522.189113023	0.96
NM_194264	1218	1190	315.102701223	0.95
NM_001199436	4653	4602	606.270223294	0.96
NM_214707	2486	2475	232.989077441	0.93
NM_213034	513	352	398.808420922	0.96
NM_001013573	2294	2269	210.05713862	0.92
NM_001002115	1407	1371	120.720974203	0.89
NM_001308551	1728	1675	149.391743916	0.89
NM_001025472	2588	2547	142.94295767	0.9
NM_001089356	2793	2759	178.13821849	0.92
NM_213641	1708	1379	135.671506513	0.89
NM_213383	1824	1810	362.197670282	0.94
NM_199764	1821	1723	121.292694046	0.88
NM_198366	2668	2426	773.734725421	0.97
NM_001007186	1224	1140	165.580877184	0.91
NM_001033106	1940	1929	455.089450731	0.94
NM_212598	1558	1484	184.627473745	0.91
NM_180965	852	852	2798.55384824	0.98
NM_001351700	2305	1897	770.319250273	0.98
NM_001003507	1380	1351	118.372500804	0.87
NM_001308967	4695	4552	105.71246017	0.88
NM_213000	1716	1694	189.824141372	0.92
NM_199724	483	468	182.373274066	0.9
NM_214783	1935	1842	116.828457831	0.88
NM_200069	2277	2244	114.398329352	0.87
NM_201194	2282	2272	278.408654011	0.93
NM_212832	2205	2175	436.803854682	0.96
NM_001110022	2604	2572	157.976224084	0.92
NM_212974	2185	2126	100.387223227	0.85
NM_001007335	1902	1853	103.920777229	0.87
NM_001162502	4392	4370	283.44074633	0.94
NM_001017747	906	865	113.473865104	0.9
NM_001100438	737	519	105.000873978	0.9
NM_200386	1221	1207	251.612659307	0.94
NM_199588	1289	1124	129.13670878	0.9
NM_001256205	3476	3459	221.99692267	0.94
NM_200171	1702	1672	180.642814942	0.93
NM_214749	1151	1111	145.197166236	0.91
NM_194373	2095	2067	168.507909735	0.91
NM_200130	1538	1509	132.031387422	0.88
NM_173241	2359	2303	112.904890111	0.87
NM_001166123	696	646	122.360494711	0.91
NM_001020605	737	719	264.684284174	0.94
NM_201324	2071	2046	147.902250017	0.9
NM_001328586	881	834	131.959007657	0.9
NM_001003640	1732	1724	261.491895341	0.94
NM_200815	451	449	518.122877382	0.95
NM_001017582	728	715	252.536154368	0.94
NM_201471	2005	1940	164.124210959	0.93
NM_212597	953	906	164.813418296	0.9
NM_001024403	693	652	160.409936075	0.91
NM_001008618	2180	2081	174.278780559	0.92
NM_201492	2157	2155	405.138422582	0.95
NM_212754	3274	3133	122.233406875	0.88
NM_199790	2376	2352	141.402731906	0.9
NM_131059	3350	3286	161.127961576	0.91
NM_200027	727	725	364.303273011	0.96
NM_173244	4899	4784	153.985403546	0.91
NM_001256780	2608	2535	128.192425538	0.89
NM_001076615	1233	1221	178.969443056	0.91
NM_131247	1497	1476	276.96621755	0.93
NM_131368	2562	2524	192.19227811	0.93
NM_212994	2227	2188	223.937775091	0.92
NM_001130783	3071	2991	136.421242438	0.89
NM_001045485	2328	2286	115.38703609	0.89
NM_001282177	500	486	448.343946369	0.96
NM_001002866	472	472	269.459044971	0.94
NM_001004554	4235	2821	110.545486097	0.91
NM_001326532	2345	2292	293.397809065	0.94
NM_212612	2529	2225	215.210158075	0.93
NM_001005953	794	756	240.41575641	0.94
NM_001277446	6296	6244	131.709985207	0.88
NM_201111	2387	2369	200.703066686	0.92
NM_001111176	2020	1656	113.651598076	0.94
NM_001006013	770	738	209.952044244	0.92
NM_001037222	1931	1886	308.583550441	0.95
NM_001017632	1861	1822	258.396493039	0.93
NM_201078	1493	1453	253.973876444	0.93
NM_001003623	2252	2234	231.277373072	0.92
NM_001082830	1131	1067	152.705821512	0.89
NM_001017797	1307	1307	1322.65192821	0.97
NM_001040052	1228	438	112.459349736	0.95
NM_213334	944	926	203.335128794	0.93
NM_131452	2133	2119	269.979773716	0.92
NM_212572	1919	1891	211.386892522	0.93
NM_001033741	841	796	188.803035239	0.91
NM_212626	1541	1521	284.259409233	0.93
NM_199432	2083	2077	185.307245783	0.93
NM_001037226	1122	1057	116.253205592	0.86
NM_001037110	852	814	159.266098139	0.9
NM_001004003	3275	3251	233.566547092	0.93
NM_001098730	1026	1009	168.028154139	0.92
NM_213092	1589	1581	490.996421459	0.96
NM_212762	435	420	178.482940009	0.92
NR_145818	2099	1854	2027.4777848	0.98
NM_001326447	1381	1332	124.253179005	0.88
NM_001004652	514	489	423.116711081	0.96
NM_001003994	4054	3935	125.119392334	0.89
NM_001328370	5010	3847	100.66927978	0.9
NM_131577	2326	2225	140.378211811	0.92
NM_131662	2431	2397	124.708547287	0.9
NM_001099263	1036	1033	134.325077907	0.9
NM_001105599	1365	1353	506.646605847	0.95
NM_201298	2030	2020	438.342720558	0.95
NM_001033108	1865	1852	317.718357403	0.94
NM_212692	2280	2215	117.041653536	0.87
NM_213045	1311	1173	127.874751634	0.9
NM_200896	1087	949	102.558947504	0.88
NM_001089544	1215	1132	186.69969204	0.92
NM_199716	1410	1344	120.884576183	0.88
NM_212587	1840	1840	990.067812299	0.97
NM_213110	1915	1868	142.609443156	0.88
NM_001326540	2454	2367	111.661472423	0.87
NM_001030129	1762	1721	115.503529028	0.89
NM_001082837	2181	2109	117.708163693	0.87
NM_001030065	3197	3165	161.929131235	0.91
NM_214696	2658	2641	398.01495602	0.95
NM_001128693	2431	2263	224.270021366	0.92
NM_198809	1593	1560	394.180200008	0.94
NM_205559	2111	2094	263.2989556	0.95
NM_001017764	2229	2189	118.154225835	0.88
NM_212601	1458	1400	140.901853195	0.89
NM_199932	2022	1999	147.019205879	0.89
NM_201323	1231	978	129.019411108	0.92
NM_001004601	3178	3158	563.101046	0.95
NM_213640	2749	2713	145.663698334	0.89
NM_001098480	441	414	205.836043048	0.92
NM_199542	4070	4051	221.754438011	0.94
NM_201039	867	850	258.32024749	0.94
NM_205607	2074	2031	136.630811172	0.9
NM_001002748	1493	1334	211.221616937	0.92
NM_001024399	989	969	188.908608791	0.9
NM_001002097	987	952	230.910418212	0.93
NM_001270973	2474	2428	171.469324666	0.92
NM_001044786	2133	2026	101.782059001	0.87
NM_001025533	2603	2527	148.70767603	0.9
NM_173258	1894	1888	299.3247828	0.94
NM_212790	1357	1350	460.642168	0.95
NM_200053	755	732	169.85995945	0.9
NM_177479	912	912	322.993589725	0.95
NM_199727	2361	2052	133.443235057	0.99
NM_200281	1784	1768	136.80856958	0.88
NM_001024390	1205	1162	105.832111143	0.86
NM_212953	298	294	434.747079383	0.96
NM_214721	859	820	373.830432484	0.94
NM_001258317	1001	964	145.345265936	0.92
NM_001198751	711	517	844.664274734	0.97
NM_153644	800	796	1218.1184565	0.97
NM_130925	1985	1985	1213.24237026	0.98
NM_212605	1994	1120	263.52176323	0.96
NM_001102393	1428	1391	138.071431386	0.9
NM_001172637	405	377	134.529948549	0.9
NM_001077322	723	719	356.019181886	0.95
NM_001002703	931	817	194.105989111	0.93
NM_200517	1375	1208	105.691190514	0.9
NM_199677	2030	1818	134.824889015	0.91
NM_199574	1813	1803	195.300019387	0.91
NM_201579	1950	1825	466.900978393	0.95
NM_001044967	1716	1613	105.07907213	0.87
NM_197934	2550	2507	131.912087451	0.9
NM_001037702	3795	3765	192.762723938	0.91
NM_173233	520	440	145.778739795	0.89
NM_200161	1795	1755	129.683301153	0.88
NM_198806	2485	2474	222.812993193	0.93
NM_001123044	3945	3656	110.011883068	0.88
NM_200912	2625	2588	161.164760269	0.92
NM_001017593	1279	1267	1896.76166908	0.98
NM_001310015	5539	5152	182.635839328	0.93
NM_001044811	947	886	106.497902014	0.89
NM_001111223	2405	2232	164.821518641	0.92
NM_001110386	542	508	106.32631731	0.9
NM_199559	2198	2035	123.583846488	0.88
NM_212782	2794	2757	103.126663971	0.87
NM_200839	1497	1485	108.184273649	0.87
NM_001256652	3850	3765	127.548946272	0.89
NM_200710	2233	2153	158.12238555	0.91
NM_001080041	2858	2852	317.768332137	0.94
NM_212726	1694	1595	105.861610497	0.88
NM_001044779	1182	1141	380.312927146	0.96
NM_001077285	1662	1556	122.405513523	0.89
NM_001114739	2663	2596	204.251438297	0.92
NM_001105277	2672	2644	196.134887584	0.92
NR_135185	805	399	126.944667901	0.94
NM_200735	1634	1433	121.176779503	0.89
NM_201062	1892	1868	142.288663595	0.89
NM_199333	2387	2359	135.776455289	0.89
NM_001045469	3123	3101	177.464350151	0.92
NM_200564	1980	1905	190.662708532	0.94
NM_213067	2302	2288	131.96488326	0.89
NM_212675	1290	1271	164.795628645	0.9
NM_001256729	1792	1778	192.626162416	0.92
NM_001282033	1209	1109	137.827577798	0.9
NR_132439	3553	3495	159.39947063	0.91
NM_001130597	765	753	255.428464236	0.92
NM_173835	1772	1691	253.123631833	0.93
NM_001004674	895	890	487.624107864	0.96
NM_213528	3446	3433	231.262654416	0.92
NM_001080653	963	917	141.133402409	0.89
NM_212710	2233	2186	189.765348397	0.91
NM_200646	3533	3370	104.179723979	0.86
NM_001077295	786	755	158.107626098	0.89
NM_001076732	519	517	269.009576522	0.93
NM_001009990	1994	1952	164.165443608	0.91
NM_001320425	2084	2029	140.929043021	0.91
NM_199575	2146	2089	173.15061687	0.91
NM_200529	1496	1468	148.973552132	0.9
NM_001105692	4404	4364	155.832932383	0.91
NM_205627	2866	2857	200.307520371	0.93
NM_001123057	1091	1041	118.896208938	0.88
NM_131820	3292	3284	342.760970066	0.93
NM_001007384	1474	1349	117.170612075	0.88
NM_212566	1185	1169	444.847082018	0.95
NM_200192	1621	1575	109.110471324	0.87
NM_131493	1109	966	304.584457522	0.94
NM_001002152	1741	1632	196.515054386	0.91
NM_001309267	2448	2379	252.998400589	0.94
NM_205541	1833	1800	317.88963491	0.93
NM_200694	868	854	331.359755313	0.95
NM_199540	2833	2570	134.095258362	0.9
NM_200227	509	506	394.213923025	0.96
NM_131189	4935	4917	804.820957476	0.97
NM_152972	2976	2974	624.734865992	0.97
NM_001002468	1022	977	116.575533271	0.87
NM_001014355	2386	2168	102.605993321	0.89
NM_200781	1741	1709	124.723533641	0.89
NM_001111244	4101	4012	128.978556504	0.9
NM_213722	1391	1379	169.426463073	0.91
NM_001001830	3762	3611	111.618687219	0.87
NM_205689	1543	1458	122.556837931	0.9
NM_001002378	887	869	210.510701653	0.95
NM_001002572	1107	1099	301.013328867	0.94
NM_131569	3917	3884	123.486491454	0.88
NM_001128671	3201	3095	171.393015224	0.9
NM_001002525	1577	1541	174.80439583	0.9
NM_213145	1383	1377	329.654489809	0.93
NM_001123299	3138	3080	139.272074646	0.89
NM_198871	2000	1883	106.743152817	0.88
NM_200959	1797	1774	156.121740976	0.89
NM_199719	1526	1511	135.57203234	0.88
NM_201309	2747	2713	180.579024064	0.92
NM_001289906	2416	2400	360.934112936	0.95
NM_199679	2346	2338	300.398293306	0.94
NM_001130697	679	171	103.274508412	1.0
NM_001159983	774	706	107.014514014	0.87
NM_200403	1359	1331	230.314166449	0.93
NM_214695	3131	3031	109.454223758	0.88
NM_001045231	847	806	125.268655747	0.9
NM_214689	4274	4239	162.030352866	0.91
NM_001005955	934	890	183.221872573	0.92
NM_001002596	1471	1468	553.748013675	0.96
NM_200203	1246	1221	123.975939568	0.89
NM_001002487	411	398	112.772933158	0.88
NM_200852	722	722	441.942264949	0.96
NM_001002147	990	965	113.577006457	0.87
NM_001006057	1041	974	130.354694495	0.89
NM_212880	2206	2130	109.924146188	0.87
NM_001017812	1326	1062	138.432819973	0.9
NM_001002324	1626	1606	165.831739532	0.9
NM_173252	721	666	272.196032809	0.95
NM_173266	486	477	217.53458766	0.94
NM_200029	495	481	184.885946235	0.92
NM_001017902	1348	1317	124.784791278	0.89
NM_001002495	436	378	124.551833989	0.89
NM_001040094	1945	1930	157.899775269	0.92
NM_001012498	640	613	129.211194527	0.9
NM_212723	3491	3484	203.368913462	0.91
NM_213002	1422	1395	245.112416746	0.93
NM_001097584	3917	3895	210.893222898	0.92
NM_201480	1497	1434	121.540402084	0.87
NM_152951	2332	2286	173.438444179	0.9
NM_131444	1040	1038	710.507637597	0.96
NM_205558	1625	1602	136.846427829	0.88
NM_201451	1923	1569	128.198910962	0.89
NM_001002079	503	499	251.207298656	0.93
NM_001126377	1826	1826	333.279728811	0.95
NM_001003995	1512	1484	144.919361025	0.89
NM_213663	1657	1619	172.548607118	0.91
NM_001098757	1759	1736	286.619753721	0.94
NM_152973	2095	2083	264.290640506	0.94
NM_213165	1693	1668	139.703242899	0.89
NM_199771	1782	1775	547.436479775	0.96
NM_001013533	2369	2368	735.109981608	0.96
NM_212725	2193	2152	133.587094033	0.88
NM_199428	1597	1522	549.23754144	0.96
NM_001039497	1208	1160	153.795305769	0.89
NM_001030063	2342	2253	138.43459563	0.9
NM_001002068	805	804	600.704220945	0.96
NM_199623	2532	2527	419.582558464	0.95
NM_200383	1275	1199	107.042510248	0.86
NM_001256194	1220	1188	192.977148046	0.92
NM_213185	1250	1238	249.967406282	0.92
NM_212977	1620	1595	970.031529124	0.97
NM_199708	2037	2037	917.561113714	0.97
NM_001105588	2100	2038	154.628867488	0.91
NM_198356	3253	3089	132.099571182	0.9
NM_131670	1758	1745	293.292609107	0.94
NM_198140	1041	1041	902.311017245	0.97
NM_001003425	2025	1952	110.800699546	0.87
NM_001013460	1182	973	118.561000379	0.89
NM_201192	2166	2162	271.619700555	0.93
NM_212833	990	981	1146.67632741	0.97
NM_001003863	2277	2213	146.659273227	0.9
NM_213104	2249	2219	369.284746202	0.94
NM_001002433	1124	1085	166.54050015	0.91
NM_200026	515	512	915.584657142	0.97
NM_173247	1264	1264	943.559641945	0.96
NM_205560	1988	1906	157.653914185	0.9
NM_001328342	1608	1600	524.232556342	0.96
NM_001076556	1931	1751	104.729406603	0.88
NM_200298	785	768	713.123714531	0.97
NM_199912	1864	1775	132.855299891	0.9
NM_001329981	7806	6997	102.117523518	0.88
NM_001017866	726	631	145.214781507	0.92
NM_213235	2369	2205	101.441936917	0.87
NM_198143	657	651	245.46682162	0.93
NM_001002353	1295	1265	139.480051075	0.88
NM_199640	2424	2415	232.272360446	0.93
NM_201305	3465	3422	126.453447407	0.89
NM_001003439	1097	1059	154.113100845	0.89
NM_001110126	1521	1511	294.618061814	0.95
NM_207063	1357	1340	240.694903416	0.93
NM_001082551	5347	5221	163.159209688	0.92
NM_212581	3212	3155	309.542904191	0.94
NM_001100070	893	880	1508.75729317	0.96
NM_001030232	1930	1886	105.368108409	0.86
NM_001312897	3464	3407	149.491589401	0.9
NM_001003843	777	767	277.262849574	0.93
NM_001025471	1825	1751	120.887314427	0.88
NM_001005983	1451	1403	110.259759847	0.86
NM_212993	966	951	115.930123954	0.87
NM_198121	1234	1208	872.073477094	0.97
NM_001161599	1896	1872	212.981983266	0.93
NM_001326706	1360	1157	160.794132187	0.92
NM_001002155	566	544	140.515270622	0.9
NM_001127470	488	453	143.375046649	0.9
NM_001077250	1996	1976	328.296195152	0.95
NM_131833	1490	1470	193.005153042	0.9
NM_001305594	1300	1273	172.004616371	0.91
NM_131761	833	639	101.025952668	0.89
NM_001080184	1867	1852	386.873141716	0.95
NM_213514	2079	1008	170.340780081	0.99
NM_201129	2859	2850	203.15444373	0.92
NM_212663	2972	2945	154.618321863	0.91
NM_001105596	685	666	170.701426907	0.91
NM_001003628	1513	1448	106.923161465	0.87
NR_135206	2284	1950	127.278433572	0.91
NM_201005	1653	1584	199.202289019	0.92
NM_001201442	683	615	202.661338878	0.93
NM_001002465	1193	1049	107.562173015	0.86
NM_001034976	1886	1831	126.495358612	0.88
NM_213374	1991	1964	111.227868336	0.88
NM_001003888	644	637	168.336038786	0.93
NM_001017994	1879	1752	121.330575208	0.88
NM_200245	1925	1897	105.655995112	0.89
NM_213146	2620	2487	129.684034123	0.89
NM_001001944	4039	3932	206.066644652	0.93
NM_199518	2000	1308	182.414066004	0.94
NM_200467	1846	1833	167.38835715	0.9
NM_001003544	1244	1212	108.689091171	0.88
NM_001005589	851	844	181.414616259	0.92
NM_001002058	1464	1425	102.456781657	0.86
NM_001326708	1284	1221	181.091167977	0.93
NM_213152	1230	1198	104.363137047	0.87
NM_001013568	2084	2049	117.207653267	0.88
NM_001003844	919	797	117.741873252	0.88
NM_001105526	393	373	210.155769564	0.93
NM_201189	3358	3303	123.646547447	0.89
NM_001256029	2041	2024	179.27310065	0.91
NM_001161470	3571	3528	128.089911119	0.89
NM_205537	1272	1254	227.501617781	0.93
NM_001002099	1667	1612	117.755224892	0.89
NM_199930	1981	1843	240.839075016	0.93
NM_214706	1706	1694	379.571480671	0.95
NM_001271817	931	912	501.713576613	0.95
NM_213435	1901	1680	100.784834432	0.87
NM_194394	1014	997	171.188101078	0.9
NM_001033751	1111	1081	116.570489012	0.88
NM_213426	1246	1223	190.421268615	0.92
NM_001327817	2109	1953	102.917362021	0.85
NM_213262	2403	2389	255.955097542	0.95
NM_001045471	1147	1109	155.913107263	0.86
NM_201191	379	379	264.844325248	0.95
NM_001328036	7934	1022	661.595021485	1.0
NM_214746	3154	3078	132.759041404	0.88
NM_001079975	1926	1858	126.240959978	0.88
NM_214817	1907	1893	202.512214276	0.9
NM_200258	2133	2112	206.374905712	0.93
NM_001271474	826	788	701.813906027	0.96
NM_199842	1959	1867	119.278539073	0.89
NM_001017801	916	907	145.018775306	0.91
NM_001114710	1397	1273	102.424160386	0.88
NM_001320439	3485	3349	124.404152906	0.89
NM_205714	1652	1622	129.732934483	0.9
NM_001002335	1771	1758	217.155063364	0.92
NM_001017769	1380	1346	397.026186527	0.95
NM_200295	1397	1380	122.010939927	0.88
NM_213406	1601	1571	166.583617526	0.91
NM_200835	2679	2666	168.571126754	0.91
NM_178290	1341	1262	130.445473281	0.89
NM_200958	1832	1824	373.376864143	0.94
NM_199602	1906	1890	150.3475978	0.9
NM_213386	2179	2159	258.747027897	0.94
NM_001076569	1891	1868	160.758172584	0.91
NM_173249	703	688	280.167280521	0.95
NM_130922	2069	2066	536.99542997	0.96
NM_001014343	2029	1985	279.381213651	0.93
NM_001037386	2280	2183	199.604910602	0.92
NM_201010	1360	1353	191.267371708	0.91
NM_001004121	1722	1678	112.162955276	0.9
NM_131376	1589	1579	418.162704313	0.95
NM_200047	832	829	364.849029929	0.95
NM_001008646	3009	2920	106.91577811	0.89
NM_153663	2643	2603	208.459104405	0.93
NM_001351701	2205	1792	734.600458918	0.98
NM_212757	1834	1735	182.150204089	0.91
NM_181603	4884	4867	160.300079116	0.91
NM_200115	1931	1725	144.820955329	0.9
NM_178294	966	946	314.982007534	0.93
NM_200458	2810	2802	532.007622246	0.96
NM_199773	1731	1721	223.051425822	0.93
NM_001006082	1057	976	144.149254303	0.9
NM_200261	2924	2881	219.897160151	0.94
NM_201125	1851	1838	183.532498396	0.93
NM_213331	1267	1242	118.557886748	0.87
NM_001122749	4702	4255	171.012324885	0.92
NM_200845	453	452	713.672903723	0.97
NM_001002121	2041	2025	151.83654338	0.91
NM_212657	2706	2706	612.867643531	0.96
NM_199548	1566	1550	316.403658483	0.95
NM_200685	6806	6519	116.804415877	0.9
NM_001002082	950	921	325.30264099	0.94
NM_183071	1312	1153	2964.49576024	0.98
NM_001003885	2186	2108	106.920108446	0.89
NM_200650	2313	2265	866.016772281	0.96
NM_001030239	2705	2495	188.66209379	0.93
NM_001017831	1128	1121	267.383129373	0.93
NM_198922	2543	2529	218.8978822	0.93
NM_199853	1976	1955	146.467057959	0.9
NM_001252559	2418	2390	228.401190009	0.93
NM_001089339	2002	1883	122.260967033	0.86
NM_001002726	3843	3685	101.997834471	0.89
NM_200221	1906	1884	223.275756393	0.91
NM_001007327	2489	2293	113.230684616	0.88
NM_181601	1767	1763	302.890842995	0.94
NM_001100436	441	440	337.59625365	0.93
NM_212986	1706	1679	233.404092322	0.93
NM_200034	781	768	186.460759297	0.91
NM_213250	3048	3026	283.818340272	0.94
NM_001004675	823	786	138.570893043	0.89
NM_200107	1423	1396	288.276106764	0.92
NM_200089	4068	4049	141.547196492	0.91
NM_001123007	734	690	120.92833073	0.89
NM_182866	2633	2010	566.142738027	0.97
NM_201488	2650	2617	341.317486396	0.94
NM_212671	1372	1363	469.402436843	0.96
NM_001044950	994	983	169.845702725	0.9
NM_212952	393	373	133.044581879	0.92
NM_001080586	4372	4314	121.144152284	0.88
NM_001077323	2565	2545	152.573362286	0.91
NM_212909	1162	1160	1721.11216306	0.98
NM_001083546	4423	4299	112.014843772	0.88
NM_131390	2996	2987	309.041247124	0.94
NM_199843	2780	2773	309.257841699	0.94
NM_199591	1983	1958	129.008680744	0.87
NM_213047	2930	2864	101.413934663	0.86
NM_001177453	903	889	137.643607713	0.9
NM_001043323	817	812	1154.4384882	0.97
NM_001020684	1181	1144	141.10047406	0.9
NM_212569	2189	2102	297.953041006	0.94
NM_212937	1764	1758	265.652312374	0.93
NM_131351	1260	1239	307.021852519	0.93
NM_001044858	6394	6066	137.171834649	0.91
NM_001020749	1069	1020	170.269113111	0.9
NM_131573	742	707	105.013764611	0.87
NM_001002366	1347	1221	139.730246154	0.9
NM_199993	1443	1419	206.217749675	0.92
NM_001024407	769	764	353.064650564	0.95
NM_199823	1848	1825	162.727965325	0.91
NM_212787	1664	1624	102.187635739	0.86
NM_131310	2699	2659	343.835891706	0.94
NM_001346290	13276	13058	123.420773341	0.9
NM_213188	2624	2617	657.779432693	0.96
NM_001102676	5182	5104	166.718831642	0.93
NM_212628	1695	1674	296.799747179	0.95
NM_213277	2437	2433	492.878633194	0.95
NM_001245968	5678	5479	150.851384406	0.92
NM_001256190	1048	972	337.307121286	0.94
NM_201588	2454	2435	201.809904678	0.92
NM_199546	1638	1626	244.287111817	0.93
NM_200601	2122	1975	106.677380998	0.87
NM_200765	520	507	234.138084733	0.94
NM_212784	763	672	231.164356166	0.93
NM_213298	1609	1584	239.052468816	0.93
NM_001008600	1454	1411	172.672988661	0.92
NM_212586	3074	2971	105.671867916	0.87
NM_001309472	1168	976	136.161402863	0.92
NM_001346309	2477	2439	193.121755677	0.93
NM_001007361	1550	1526	254.318412952	0.93
NM_199933	3311	3272	266.758268148	0.94
NM_199913	3736	3563	123.754517599	0.89
NM_214757	1547	1520	140.64056532	0.89
NM_181559	1968	1943	180.148447995	0.91
NM_199963	1953	1942	173.008386524	0.91
NM_001309383	1906	1784	146.610679425	0.91
NM_205580	1191	1168	218.038306769	0.92
NM_214773	1667	1609	222.662434308	0.94
NM_001004593	1842	1731	102.960470213	0.86
NM_200104	1558	1558	1443.79568567	0.98
NM_001044767	4842	4710	129.791991324	0.89
NM_199653	2168	2067	103.720702726	0.87
NM_001003414	1644	1605	180.528828998	0.91
NM_001033107	2124	1867	177.084031037	0.92
NM_001083028	2853	2837	225.084581148	0.93
NM_212709	1904	1888	237.002898777	0.92
NM_201138	1662	1609	156.517023904	0.89
NM_200157	2789	2773	136.190246364	0.88
NM_200956	1996	1941	121.9958583	0.9
NM_001020636	1975	1860	109.155206532	0.88
NM_001281721	1433	1433	2772.09429783	0.98
NM_199943	2649	2576	114.329203305	0.88
NM_001159825	533	455	137.68762684	0.91
NM_213464	2597	2544	104.312439955	0.87
NM_001040380	2222	2197	130.487004347	0.88
NM_214683	3016	2947	112.254310723	0.88
NM_131801	2124	2119	310.250158212	0.95
NM_131057	2859	2768	141.315675948	0.91
NM_001013344	748	719	138.688397783	0.9
NM_001012316	494	493	245.562265194	0.95
NM_001044754	1503	1502	379.634577714	0.96
NM_001103194	1392	999	121.19436931	0.91
NM_001328559	2598	1812	219.153420737	0.94
NM_213449	3598	3498	112.866673351	0.88
NM_200046	629	457	311.114354364	0.96
NM_001003447	678	663	214.661297335	0.92
NM_001081749	2396	2306	127.505934118	0.87
NM_001003609	3381	3337	133.463182589	0.9
NM_213336	1459	1421	1660.91643275	0.98
NM_001115114	1300	1274	131.196964243	0.9
NM_001009902	1242	929	137.269823155	0.94
NM_173236	2213	2203	478.459930421	0.96
NM_001110121	508	504	383.524575199	0.96
NM_001002073	1238	1180	265.22381531	0.94
NM_200801	1181	1163	192.029985513	0.91
NM_001007351	1001	911	160.101837705	0.93
NM_001256193	1325	1308	216.369315047	0.93
NM_001017739	862	839	210.308808849	0.92
NM_001199367	1107	1107	1080.23044118	0.97
NM_001199720	2183	2145	132.423619424	0.89
NM_173235	635	536	359.503236928	0.95
NM_199799	1813	1733	100.995636004	0.88
NM_212595	2011	2009	497.271394023	0.96
NM_131773	3544	3481	150.831429507	0.89
NM_001115123	6890	6591	145.935642501	0.92
NM_001025503	1688	1671	407.007637231	0.95
NM_001326495	899	814	128.06473505	0.88
NM_001305584	1127	996	106.668663447	0.88
NM_213439	1234	1234	1384.23486917	0.98
NM_201141	184	179	230.352778705	0.94
NM_001025460	2415	2404	437.571603184	0.95
NM_199845	1826	1788	132.844070446	0.89
NM_199983	2598	2587	328.875630254	0.95
NM_212806	2799	2705	108.6758043	0.87
NM_131450	2067	2020	850.780658965	0.98
NM_001002067	764	735	230.940101653	0.91
NM_213459	3047	2937	104.084443789	0.89
NM_001142954	1763	1178	112.555016476	0.9
NM_213077	5079	5077	612.093973914	0.97
NM_131512	2178	2083	294.444228723	0.94
NM_001007372	974	962	161.200459781	0.92
NM_001326707	1301	1152	167.845607833	0.92
NM_173224	998	997	1114.48333561	0.97
NM_205673	1403	1386	699.16571093	0.94
NM_201468	1862	1829	446.710799162	0.96
NM_001025452	2323	2229	111.663457705	0.87
NM_212764	1590	1546	104.682514375	0.88
NM_001256631	2491	2469	279.213209018	0.95
NM_001003424	548	505	101.422157323	0.87
NM_001015060	2812	1915	528.584691611	0.95
NM_001289907	2400	2380	346.498866995	0.95
NM_001017565	1107	1091	204.290912775	0.92
NM_199599	1472	1427	121.197853293	0.91
NM_200425	2026	2015	187.712024174	0.93
NM_200260	1376	1326	183.607330548	0.91
NM_214811	2239	2228	406.346546156	0.95
NM_001077156	2630	2598	126.352233934	0.89
NM_205668	1493	1473	175.456032192	0.9
NM_213638	1000	997	671.538260884	0.96
NM_212632	2072	1806	259.047861596	0.94
NM_213159	1406	1359	119.71043668	0.87
NM_201056	713	688	107.248270403	0.88
NM_001102392	571	556	106.562893577	0.87
NM_200059	1469	875	201.708689465	0.95
NM_200759	1257	1193	102.647374201	0.88
NM_201112	1531	1489	397.387514084	0.95
NM_201146	561	555	288.650839012	0.94
NM_199795	1533	1485	131.68130102	0.89
NM_213366	2072	1999	109.83935176	0.86
NM_001006022	1281	1265	112.011939976	0.86
NM_131679	2510	2494	229.252549738	0.93
NM_001115095	3041	2998	140.793605214	0.88
NM_131714	3483	3455	163.002563278	0.9
NM_213644	826	814	159.071148377	0.91
NM_001243178	360	325	327.622784154	0.95
NM_001328190	3336	3232	164.775428216	0.91
NM_001089546	1288	1249	170.614991414	0.91
NM_131620	1430	1407	276.957587486	0.94
NM_001160335	1296	593	191.959126144	0.96
NR_138548	701	642	334.608471305	0.95
NM_001017899	1282	1192	242.127507446	0.93
NM_213181	1884	1737	116.680268071	0.88
NM_001017651	1317	1187	128.600856152	0.91
NM_001003564	805	769	150.768986198	0.89
NM_001003869	1684	1673	274.118452472	0.93
NM_213530	1628	1610	266.123454636	0.92
NM_212759	4111	4029	112.972612194	0.88
NM_200598	2739	2571	136.155716757	0.91
NM_131585	1058	1046	208.574311106	0.92
NM_001012499	3307	3263	126.632833744	0.89
NM_199994	1598	1592	320.096453324	0.94
NM_001017867	1024	989	119.334445084	0.88
NM_199797	2348	2240	135.087256474	0.89
NM_001045276	2510	2468	153.380137628	0.89
NM_001013536	1099	1082	513.652693758	0.96
NM_001110388	538	459	243.437391686	0.98
NM_213527	3432	3305	122.838239638	0.87
NM_001128680	1477	1442	143.522997263	0.9
NM_201496	2160	2123	139.841550101	0.89
NM_212655	3273	3241	100.30434395	0.87
NM_213016	3014	2971	113.917272116	0.88
NM_212641	1956	1940	122.67962173	0.89
NM_001002162	1955	1920	102.86438382	0.86
NM_001159911	659	611	110.845698482	0.88
NM_001003868	590	568	103.527185155	0.86
NM_001006105	1484	1386	114.613531608	0.89
NM_001077730	2054	2026	111.751475198	0.87
NM_001024440	1132	1115	141.994937725	0.89
NM_201467	1977	1971	346.210972822	0.95
NM_213037	926	910	224.815726948	0.93
NM_200006	1388	1362	200.693279221	0.93
NM_201580	2315	1993	103.701123684	0.88
NM_200626	1845	1810	132.462884246	0.9
NM_212708	2973	2968	394.829688065	0.95
NM_001017700	639	636	582.379650445	0.95
NM_001126457	1515	1463	283.305296178	0.94
NM_001033595	4350	3709	262.870378786	0.95
NM_001017574	1635	1634	895.8443437	0.97
NM_001159528	565	552	235.992450339	0.93
NM_001002139	610	609	568.752779473	0.97
NM_200028	466	459	231.657366189	0.92
NM_001302634	1322	945	262.432409874	0.96
NM_001002211	1406	1390	179.838665778	0.92
NM_199669	1459	1449	196.807865445	0.91
NM_001100089	1610	1555	298.3660125	0.94
NM_001008732	2434	2408	159.010637326	0.92
NM_001110472	4141	3900	134.472881173	0.9
NM_001003503	1289	1269	165.631830163	0.92
NM_213080	2202	2160	939.953048885	0.97
NM_200182	2697	2654	236.595440403	0.94
NM_199636	728	712	248.675064472	0.94
NM_001302478	479	463	271.855174815	0.94
NM_001002164	1610	1580	147.576733409	0.91
NM_001037239	1102	917	142.338225804	0.92
NM_201082	2474	2468	269.255839611	0.94
NM_199583	3547	3522	137.115173206	0.89
NM_199671	1288	1283	481.538658802	0.96
NM_001077160	2551	2473	105.176969649	0.87
NM_201092	1584	1527	104.9700165	0.89
NM_001172556	1236	1166	123.027264614	0.89
NM_001020774	3642	3619	253.655968831	0.94
NM_200056	904	892	202.617191116	0.94
NM_001076558	976	803	122.636351434	0.88
NM_001079961	2760	2720	129.055511831	0.89
NM_213113	524	518	197.875249607	0.94
NM_198807	2455	2440	637.490594104	0.97
NM_001089428	3015	3012	497.028431536	0.95
NM_001002427	555	545	282.874293593	0.95
NM_001002106	1038	1038	599.719634794	0.96
NM_001005949	954	828	109.208367618	0.89
NM_001044708	1296	1264	149.509458831	0.91
NM_213053	2688	2670	242.9675457	0.94
NM_212803	2808	2749	124.704752551	0.87
NM_001004597	3045	2998	129.74594526	0.89
NM_001044902	1913	1910	311.213115259	0.95
NM_001126455	927	884	203.707846228	0.93
NM_214699	1423	1216	442.077367073	0.96
NM_199516	2304	2286	215.900300604	0.92
NM_131524	2159	2097	485.612982168	0.95
NM_213379	2414	2325	112.122252179	0.89
NM_001006019	1571	1530	177.478410775	0.91
NM_001077314	2329	2303	214.271854735	0.92
NM_213489	2128	2116	160.913712326	0.92
NM_001080695	1195	1150	132.03507812	0.9
NM_201101	887	887	1847.87745022	0.97
NM_001115140	2557	2486	167.528975396	0.91
NM_200190	1637	1593	185.56296744	0.93
NM_199595	2595	2593	402.074471065	0.95
NM_001007159	2793	2766	163.895479005	0.89
NM_001030227	3083	3020	113.188743147	0.87
NM_213070	1739	1731	579.084001173	0.96
NM_001013260	1373	1162	130.830785633	0.87
NM_199956	2049	2031	184.563410451	0.92
NM_001083544	548	515	162.276143834	0.93
NM_001013445	2351	2302	148.481762576	0.91
NM_001004551	2400	2348	125.970514922	0.89
NM_001031676	2397	2387	732.658763815	0.97
NM_212810	4376	4346	150.063780489	0.91
NM_200771	1335	1245	146.132972733	0.89
NM_001077613	3350	3340	248.293102945	0.93
NM_001326384	5589	5384	148.839344301	0.92
NM_001102629	1594	1571	202.585304605	0.94
NM_001080176	1395	1391	352.632635957	0.93
NM_212646	1189	1182	172.911847922	0.9
NM_001320133	1786	1722	163.426025604	0.92
NM_213052	1898	1780	104.51211251	0.89
NM_001002509	476	452	133.12788774	0.89
NM_001281985	1215	1125	123.733460133	0.89
NM_213079	1728	1726	616.532840682	0.96
NM_200103	2231	2139	107.713289613	0.87
NM_001243034	1098	1063	115.015869929	0.87
NM_213639	1142	982	181.516880918	0.93
NM_001009898	878	868	205.324122229	0.92
NM_001002527	968	678	132.849249589	0.87
NM_001077355	1851	1825	144.32248198	0.9
NM_199782	2184	2120	1114.41837226	0.97
NM_001004561	2028	1982	194.257708201	0.93
NM_200066	1645	1639	306.0384143	0.94
NM_001029972	1536	1521	233.229317846	0.94
NM_200813	1767	1737	215.923751067	0.93
NM_131686	3477	3424	191.917593581	0.93
NM_001024817	3247	3081	118.738174594	0.9
NM_212940	3136	3118	259.433287248	0.94
NM_001257146	3878	3818	141.171587367	0.91
NM_001080196	2669	2588	115.284785363	0.88
NM_200525	502	494	164.639595529	0.91
NM_194407	3921	3839	128.839221216	0.89
NM_001008644	4525	4165	143.862058096	0.92
NM_001013300	2429	2409	200.557364258	0.92
NM_200102	2428	2378	172.600058679	0.92
NM_201122	430	417	176.22903082	0.91
NM_199278	1687	1660	199.177612254	0.93
NM_214712	1663	1632	107.000817218	0.86
NM_001002519	1060	1039	106.191538947	0.86
NM_200766	1140	1073	124.017685622	0.88
NM_130941	4366	4359	244.971621212	0.94
NM_001114440	3905	3840	133.339614364	0.89
NM_200303	785	785	1210.80159133	0.96
NM_212599	3242	3227	236.83492224	0.93
NM_001256179	1270	1175	101.050091719	0.86
NM_001320326	2130	1974	139.568578761	0.91
NM_200632	2012	1824	114.745556192	0.88
NM_200360	1236	1217	122.840217461	0.88
NM_001005590	2862	2835	123.049785062	0.89
NM_214772	3418	3387	122.456108407	0.89
NM_201119	1889	1864	144.504098023	0.88
NM_212945	1249	1180	100.824977674	0.88
NM_001004665	755	592	227.878876794	0.93
NM_199865	576	548	155.578168597	0.89
NM_200988	2330	2314	174.945094234	0.91
NM_199849	1880	1843	121.051150104	0.89
NM_001013265	1080	1066	271.80164305	0.94
NM_199772	1594	1564	138.766524609	0.88
NM_213019	1049	900	130.596079614	0.91
NM_212615	1918	1914	263.559978005	0.93
NM_131112	2386	2369	416.925098186	0.95
NM_001006005	498	494	456.680756485	0.96
NM_199931	1406	1353	100.711799585	0.86
NM_001127477	3663	3638	209.754079607	0.91
NM_001089351	631	556	549.472263941	0.95
NM_199277	3019	2964	126.309864077	0.9
NM_213279	889	888	233.539197509	0.93
NM_001105128	967	877	110.056105839	0.88
NM_001002050	1276	1091	139.776188346	0.92
NM_001126388	3177	3151	100.931495367	0.86
NM_001131053	552	547	235.435577884	0.91
NM_001270554	2133	2133	600.719405882	0.96
NM_201026	2098	2052	127.166907556	0.89
NM_001020523	1307	1289	169.499759555	0.92
NM_199949	1010	789	283.165458279	0.95
NM_199545	2659	2587	113.910740995	0.88
NM_201052	1066	1051	113.719241585	0.87
NM_001017752	1868	1850	120.04127256	0.88
NM_173234	483	479	535.961472576	0.96
NM_001030076	1433	1361	123.857708658	0.87
NM_001003432	636	632	441.329784812	0.96
NM_001017699	777	768	243.911815186	0.93
NM_173238	3052	3035	251.211883718	0.93
NM_198802	1827	1789	160.374579154	0.91
NM_001077603	3283	3014	134.113099141	0.9
NM_199746	2436	2421	294.653458775	0.94
NM_001083577	3079	2864	111.155921268	0.88
NM_001077343	3359	3324	150.212675841	0.91
NM_201181	1730	1658	110.782151675	0.89
NM_199725	632	604	202.991795343	0.93
NM_001003474	1440	1415	148.684276875	0.91
NM_200993	2423	2410	333.331343677	0.95
NM_001309458	1052	980	154.950810255	0.93
NM_131513	1495	1495	3079.96779694	0.98
NM_001040351	3343	3094	127.727413148	0.89
NM_001110414	1505	1451	136.324714419	0.89
NM_001199737	2076	2001	129.696607078	0.88
NM_131176	1454	1453	581.330243165	0.95
NM_214766	2719	2633	121.255822939	0.89
NM_001077716	2924	2862	236.876736205	0.93
NM_200745	852	778	213.270225349	0.91
NM_001002440	876	755	110.982205892	0.87
NM_001305583	2333	2293	132.777871235	0.89
NM_001243037	635	621	218.04276267	0.92
NM_213197	1918	1900	183.966458114	0.91
NM_001003728	818	753	126.62627073	0.91
NM_001045848	1378	1298	109.83389525	0.87
NM_213060	2913	2855	100.369193516	0.85
NM_201060	620	619	464.041139246	0.96
NM_213176	2872	2848	263.76095026	0.93
NM_194397	1204	738	191.477409844	0.94
NM_001002317	629	613	149.173328588	0.9
NM_131710	2418	1689	162.932768798	0.93
NM_001013272	2053	1517	127.122388369	0.94
NM_213302	1639	1639	2210.91204009	0.98
NM_001113591	2287	2284	338.98081707	0.95
NM_199864	1251	1196	150.796194731	0.92
NM_001017896	893	869	178.644346179	0.91
NM_001161487	585	540	207.510994211	0.92
NM_213536	1947	1939	153.918386489	0.9
NM_001017874	1045	1032	366.581733137	0.94
NM_200302	1501	1498	357.772042469	0.95
NM_001080806	7312	7297	360.455988796	0.96
NM_214774	1990	1845	117.132617776	0.88
NM_131355	3115	3065	192.174420731	0.93
NM_001002478	640	576	301.055448742	0.93
NM_001025516	1563	1535	142.476935208	0.91
NM_200495	1495	1494	680.295608825	0.97
NM_001044983	507	496	228.951202552	0.93
NM_200219	618	581	170.879748825	0.92
NM_131252	2569	2423	130.81271628	0.9
NM_001353934	559	549	5151.89018925	0.98
NM_001012501	2090	2043	118.883642811	0.88
NM_198358	2667	2652	377.688738652	0.95
NM_001320324	2045	1901	140.618595814	0.91
NM_213028	696	674	134.987811525	0.89
NM_001003422	932	859	142.276283002	0.89
NM_001309531	1197	1188	1610.12368675	0.97
NM_200823	5471	5459	181.920165785	0.92
NM_001089542	2618	2592	145.562137957	0.9
NM_001308825	7501	7481	176.298829772	0.91
NM_199934	980	943	134.084073203	0.9
NM_001313770	853	837	2580.08801851	0.98
NM_199723	2044	2033	240.967330754	0.93
NM_173261	3588	3568	145.370399187	0.9
NM_200769	606	447	177.387958737	0.94
NM_212932	1336	1311	108.15274976	0.87
NM_180964	755	755	5413.59350044	0.98
NM_001309640	3873	2796	105.156558565	0.91
NM_198872	2941	2920	135.564617015	0.89
NM_130995	2082	2077	931.549845903	0.96
NM_001002698	998	974	144.290947471	0.91
NM_200696	785	775	235.950902043	0.92
NM_213243	2065	1975	102.640921524	0.87
NM_200743	1036	1023	265.361529369	0.93
NM_001002064	1628	1478	149.515864005	0.91
NM_201315	2419	2380	214.685723471	0.93
NM_131883	2454	2362	242.936045581	0.94
NM_131220	1791	1770	174.849771082	0.91
NM_199683	1121	1115	408.957978098	0.95
NM_001013443	4163	4014	175.112261091	0.91
NM_131702	2559	2293	100.669417398	0.85
NM_001327759	8496	8387	145.42630426	0.91
NM_201065	1326	1307	155.923790562	0.9
NM_001115117	1974	1950	163.342563785	0.91
NM_001002056	1394	1293	113.317721112	0.87
NM_001319650	804	587	152.900780327	0.92
NM_001080087	1141	1103	112.572406586	0.86
NM_001290080	3280	3047	379.560955338	0.95
NM_131145	2634	2599	156.509443137	0.9
NM_001024409	1233	1222	943.537529002	0.97
NM_001030247	2625	2586	128.247310808	0.89
NM_200510	2353	2334	152.11549954	0.9
NM_001001819	490	484	233.915063521	0.94
NM_213178	1954	1953	936.077789528	0.97
NM_001004494	2262	2214	158.986849029	0.91
NM_001002559	1858	1812	123.652385357	0.87
NM_001079973	1842	1829	770.400644821	0.97
NM_001030285	2720	2690	141.82787997	0.9
NM_001109741	1428	1280	122.628234699	0.92
NM_200100	1262	1230	250.132536096	0.94
NM_200675	1581	1351	137.645153779	0.95
NM_001005931	2331	2312	286.236483988	0.94
NM_001025536	2800	2681	137.407281489	0.9
NM_201061	504	499	328.518293174	0.95
NM_201469	2279	2230	131.714362111	0.89
NM_194417	2696	2611	257.942588054	0.93
NM_001077535	2030	2029	226.167118844	0.92
NM_001005769	1842	1832	341.928385019	0.94
NM_178292	1271	1160	121.455944176	0.88
NM_001003875	2443	2429	177.736381072	0.92
NM_001083017	2983	2586	102.489938931	0.88
NM_131734	904	882	508.171920662	0.96
NM_001013538	3493	3475	154.602429013	0.9
NM_213068	2654	2650	337.541161733	0.95
NM_213014	1822	1811	146.756583364	0.91
NM_212985	1619	1591	113.255976634	0.87
NM_001045402	900	895	678.663889949	0.97
NM_001301360	2299	2267	218.790152112	0.92
NM_199769	1960	1928	158.36590377	0.91
NM_001327845	953	861	129.345888317	0.9
NM_213350	1326	1316	271.747091594	0.93
NM_131427	2914	2906	254.92399716	0.92
NM_131263	1753	1753	1897.67961595	0.97
NM_001003731	915	901	207.369793975	0.93
NM_212696	2164	2088	150.897038592	0.9
NM_199755	1780	1693	116.383581329	0.88
NM_131572	903	903	328.820749569	0.94
NM_001202510	960	419	176.283754801	0.95
NM_199780	3197	2604	121.48009378	0.89
NM_213182	1676	1636	140.846852597	0.9
NM_200304	1822	1796	210.362006429	0.93
NM_199997	1964	1938	274.840671869	0.93
NM_200431	2094	2000	416.201550394	0.96
NM_205613	901	887	191.514110785	0.91
NM_213278	2414	2292	112.084032508	0.88
NM_001003860	687	684	423.88765841	0.94
NM_200961	1367	1339	138.733143414	0.89
NM_199937	1654	1619	140.590694565	0.9
NM_199694	1483	1480	389.853579314	0.96
NM_001030209	1904	1882	278.168539149	0.93
NM_001135579	1221	1106	103.936681565	0.88
NM_001007375	881	855	736.850455861	0.97
NM_201043	1067	1052	346.682992299	0.95
NM_213351	1541	1528	338.421687526	0.95
NM_199628	1738	1672	136.53892582	0.89
NM_001080753	912	901	221.416198324	0.91
NM_213370	1821	1785	192.485186364	0.91
NM_200713	813	770	114.507782397	0.89
NM_200502	613	613	297.55431319	0.95
NM_001001590	1354	1299	354.527324874	0.96
NM_199952	1472	1441	197.909437016	0.91
NM_001024419	1796	1777	109.249109486	0.88
NM_205667	963	958	1082.79555054	0.97
NM_200199	1934	1815	126.923492947	0.9
NM_213434	3998	3963	158.073219806	0.91
NM_213144	4896	3017	111.731755387	0.91
NM_001004560	2282	2170	100.350462495	0.87
NM_213479	1687	1673	512.583837805	0.95
NM_198908	3473	3457	195.755885297	0.92
NM_001313759	4194	4127	133.155220174	0.9
NM_200184	1547	1524	167.270565198	0.92
NM_200934	1741	1123	131.574618413	0.93
NM_199275	1743	1669	142.336818414	0.89
NM_200533	1158	1131	113.35260787	0.89
NM_001001399	1042	974	150.380018709	0.91
NM_001144803	2895	2856	168.692803485	0.91
NM_001013517	539	531	213.062354341	0.93
NM_213107	1258	1229	110.460942294	0.87
NM_213236	1566	1561	690.659360138	0.96
NM_200220	2081	1933	148.059689289	0.9
NM_200025	417	410	255.033295654	0.92
NM_001103116	1209	956	156.961910827	0.92
NM_200065	3086	3083	233.108933831	0.93
NM_131456	3732	3710	299.460774728	0.94
NM_212698	1094	1026	110.06421696	0.87
NM_173246	1093	1035	131.634895487	0.9
NM_001003532	1764	1750	306.415784481	0.94
NM_212676	1015	989	160.4168171	0.89
NM_130912	2296	2254	374.038064124	0.95
NM_212802	2687	2664	190.046881567	0.92
NM_001309525	2542	2240	211.885255354	0.92
NM_001013544	1235	1186	102.858201867	0.86
NM_201031	1453	1319	140.536611972	0.88
NM_001007059	822	806	160.696797277	0.9
NM_001099251	1172	1136	137.17792953	0.9
NM_213466	1532	1530	515.288100913	0.96
NM_200976	7541	7444	160.506092826	0.92
NM_001002575	1120	1114	293.052184117	0.93
NM_001020761	775	722	135.850765016	0.9
NM_001003452	1457	1436	143.35588485	0.88
NM_001077313	3448	3420	137.307331881	0.9
NM_001270540	1921	1873	196.920165501	0.92
NM_001037424	1074	1074	1776.67586367	0.97
NM_213293	1692	1685	395.121574866	0.95
NM_173251	890	887	607.262608218	0.96
NM_001044341	2036	1936	115.36229733	0.88
NM_001076652	2835	2768	149.661622836	0.91
NM_001328426	1833	1651	109.911754456	0.89
NM_001003429	771	755	321.295233971	0.94
NM_001045048	2846	2801	105.122929275	0.86
NM_001017633	1921	1920	573.237982633	0.96
NM_001013552	1015	910	259.10839081	0.95
NM_001045013	3195	3051	109.508347639	0.87
NM_213382	1769	1762	455.759622446	0.96
NM_001004635	1079	1063	172.752499704	0.92
NM_001002203	755	733	179.2358837	0.9
NM_001077743	2781	2752	159.87799558	0.92
NM_131599	1227	973	206.781618028	0.94
NM_001002521	960	952	219.809505038	0.92
NM_212589	1828	1805	203.289874592	0.93
NM_001045064	6953	6902	161.908468029	0.91
NM_131455	2783	2750	390.515204397	0.95
NM_213124	1505	1449	822.956797087	0.96
NM_214722	3146	3130	251.949296225	0.94
NM_001024735	1269	1251	119.376990712	0.87
NM_197937	499	498	975.843877828	0.97
NM_198364	1785	1742	108.627603055	0.87
NM_001008603	1538	1486	142.446493032	0.91
NM_214691	2292	2221	109.50671309	0.88
NM_198911	2905	2876	300.569526748	0.94
NM_214793	694	684	181.305838082	0.92
NM_001082838	4174	3839	110.767375748	0.89
NM_001024395	1099	1068	124.686092865	0.89
NM_131309	1418	1132	345.10917031	0.95
NM_131294	747	709	162.281057221	0.9
NM_001017688	1620	1596	105.547831372	0.87
NM_200750	463	457	279.977335735	0.96
NM_212904	1981	1063	114.564042535	0.92
NM_001002486	304	304	494.797397435	0.95
NM_201499	1996	1982	229.158969629	0.93
NM_001003643	1358	1340	134.343659875	0.88
NM_213148	1200	1156	112.155946766	0.86
NM_001002081	568	568	1114.04340467	0.96
NM_199734	1635	1597	136.240507278	0.89
NM_201318	1400	1400	371.395859362	0.95
NM_001111168	1945	1941	368.21460141	0.94
NM_205722	1431	1420	162.368684471	0.91
NM_001079805	1560	1542	162.872047617	0.9
NM_001079958	2967	2798	113.276390757	0.9
NM_212735	2658	2572	154.743281965	0.91
NM_199996	1431	1179	406.175635723	0.95
NM_001327928	826	767	1872.02266741	0.97
NM_200732	483	483	713.319225605	0.96
NM_200366	1456	1419	120.952006277	0.88
NM_001127333	2139	2135	563.089580319	0.96
NM_212758	782	781	740.993348253	0.96
NM_001202442	5407	5114	103.723530824	0.88
NM_201185	1255	1224	154.916222046	0.91
NM_200120	3568	3519	185.140715211	0.92
NM_001013345	888	885	488.587775548	0.97
NM_200752	630	624	382.205821247	0.96
NM_001017863	937	915	155.792765957	0.9
NM_200094	2754	2741	230.798689567	0.94
NM_199770	1920	1871	103.307999671	0.86
NM_200096	1729	1729	312.993788415	0.94
NM_199672	2895	2864	146.779736694	0.88
NM_131240	2447	2420	114.794075369	0.87
NM_194374	4303	4237	194.422538593	0.93
NM_001144793	820	788	110.693090068	0.89
NM_201513	1945	1903	170.780342476	0.91
NM_131442	1356	1349	220.392316751	0.92
NM_212777	3203	3124	109.508337657	0.89
NM_001002673	2743	2660	110.217139192	0.88
NM_001044332	2091	2083	407.209993637	0.95
NM_201483	2936	2926	211.428329775	0.92
NM_205709	1157	1147	296.031088966	0.94
NM_199763	3910	3818	114.952142699	0.89
NR_132112	1059	985	150.991635822	0.92
NM_131760	1239	1176	262.237557496	0.94
NM_212811	2039	1950	120.997456393	0.89
NM_001003890	2344	2337	882.955353658	0.97
NM_205599	1107	1096	316.920593923	0.94
NM_001077738	2536	2474	124.911604971	0.89
NM_001008627	2362	2351	242.000687633	0.93
NM_001044809	4571	4374	205.229659908	0.92
NM_199430	1480	1480	1724.79528334	0.97
NM_001044993	2166	2136	173.431718693	0.92
NM_212630	2077	2067	460.06547451	0.96
NM_200086	1012	1012	760.317373752	0.96
NM_001003756	989	974	173.049834582	0.91
NM_199562	1746	1731	146.586223538	0.9
NM_001030235	2960	2391	149.967608458	0.92
NM_212659	2024	1956	159.009950774	0.89
NM_001305588	928	865	102.063791601	0.85
NM_001017878	557	538	109.104255736	0.87
NM_001017637	1944	1889	236.438836442	0.93
NM_173253	4213	4196	248.407591562	0.93
NM_001105108	1254	1254	914.36216605	0.97
NM_199650	2613	2556	110.751568396	0.87
NM_001077804	1835	1793	1158.10910158	0.97
NM_131722	2285	2251	110.872914796	0.86
NM_001044864	2917	2890	130.552410381	0.9
NM_199872	2275	2208	125.685978773	0.9
NM_131404	1466	1401	383.691490165	0.94
NM_198870	2196	2172	434.828940895	0.95
NM_001327745	2576	2563	408.678726084	0.95
NM_199480	2006	1985	343.736643057	0.95
NM_001312680	5204	5030	112.032542123	0.89
NM_199711	2891	2887	263.000133562	0.94
NM_199812	2747	2667	107.48268619	0.86
NM_212603	1499	1479	488.392797048	0.95
NM_001002505	686	682	401.698732588	0.96
NM_001017766	1563	1373	103.141800743	0.89
NM_201050	1959	1943	242.980932792	0.93
NM_201452	5093	3176	138.665264459	0.92
NM_001089525	3846	3787	380.847840315	0.96
NM_001098392	1870	1870	1152.27312628	0.97
NM_198142	2269	1868	313.466439932	0.96
NM_001037667	6656	6575	236.370195119	0.94
NM_199841	1927	1867	102.508084982	0.86
NM_001159946	743	680	121.355203737	0.89
NM_001004296	3558	3508	180.289320069	0.9
NM_213072	1521	1478	289.749276656	0.93
NM_001110402	2213	2181	120.240055818	0.89
NM_001113800	1290	1095	147.652202089	0.91
NM_001309644	1435	1389	473.869755855	0.95
NM_213417	619	595	565.189242809	0.96
NM_200068	3044	3032	330.506934454	0.94
NM_212996	717	717	1032.32808807	0.97
NM_131382	1726	1703	220.605143205	0.91
NM_001005937	2939	2911	186.211112416	0.92
NM_131580	1081	1075	279.173473204	0.94
NM_001007383	1101	1083	381.412524483	0.95
NM_200720	900	863	296.663107914	0.94
NM_001033746	1944	1718	137.016488943	0.93
NM_001017599	1089	1061	169.13660272	0.92
NM_173232	700	692	267.650911604	0.93
NM_001252373	912	819	134.155243871	0.86
NM_153661	1378	1367	257.625269973	0.93
NM_212584	1391	1391	1437.07776702	0.98
NM_001326493	4171	4159	178.255806719	0.91
NM_198146	3318	3210	132.000691075	0.89
NM_201584	658	658	1978.80818551	0.98
NM_001004641	1029	1014	152.548254261	0.9
NM_213015	1944	1921	806.994055818	0.97
NM_001288657	839	802	223.977971123	0.93
NM_173263	1471	1445	166.626495639	0.91
NM_198805	3777	3618	168.362790945	0.91
NM_001004589	2795	2775	181.455035442	0.91
NM_001045388	833	831	705.554599365	0.97
NM_001002677	1296	1225	1120.64730752	0.96
NM_199481	1939	1938	1098.41871272	0.97
NM_001003434	357	305	277.452226179	0.96
NM_001014303	1968	1918	186.844814137	0.92
NM_201336	2817	2760	203.138191506	0.9
NM_130939	1435	1435	2290.30498899	0.98
NM_001009889	2617	2177	406.263368266	0.96
NM_001034178	683	652	128.928595426	0.9
NM_001110403	2335	2335	1435.42967777	0.97
NM_001007055	1328	1317	247.674759957	0.93
NM_001080054	2651	2627	224.702846879	0.92
NM_201477	1088	1070	183.0368281	0.9
NM_001002606	1391	1123	414.149105305	0.96
NM_200177	1899	1884	148.938533614	0.9
NM_145195	489	487	603.834113755	0.96
NM_001002705	1817	1645	118.293951925	0.91
NM_200101	2096	2066	134.203863371	0.89
NM_001003861	634	628	296.535052738	0.95
NM_200322	1385	1375	191.647748535	0.92
NM_001003648	2563	2531	205.299551047	0.93
NM_213013	986	986	285.834319479	0.92
NM_001007774	1090	1073	383.217759485	0.95
NM_205650	1236	1209	113.366398029	0.87
NM_001039985	1602	549	185.501020774	0.98
NM_213160	2310	2278	148.323518657	0.91
NM_001034180	1807	1787	145.782626943	0.89
NM_001002086	1396	1313	118.558336205	0.87
NM_200128	2240	2221	191.528374058	0.91
NM_131810	1946	1880	139.041677806	0.9
NM_001003730	1436	1404	127.915217219	0.91
NM_199579	3282	3227	122.735967906	0.89
NM_001001889	2350	2341	511.437566174	0.96
NM_001012366	2584	2578	293.60312833	0.94
NM_001326547	5457	5387	163.0843175	0.91
NM_001024439	820	801	252.756974815	0.92
NM_212818	1632	1620	2363.50120757	0.98
NM_001040043	498	498	576.401308488	0.96
NM_152953	2185	2181	502.802090032	0.96
NM_001004289	2206	2162	161.909431854	0.91
NM_205699	3086	2974	174.006070994	0.91
NM_212775	1695	1661	123.190463933	0.87
NM_199729	1901	1762	111.594605033	0.88
NM_194398	1339	1336	199.917907931	0.91
NM_001303006	1567	1455	130.388375118	0.88
NM_200114	1681	1655	150.236901036	0.91
NM_200550	1782	1725	185.253550621	0.92
NM_199839	2240	2135	261.81660553	0.93
NM_001045049	1708	1699	548.434060694	0.95
NM_199760	653	636	346.561573693	0.95
NM_213168	2419	2404	360.755960655	0.95
NM_201197	1295	1257	101.528462356	0.86
NM_199535	768	758	446.459618847	0.95
NM_001007364	1096	1068	135.41403833	0.9
NM_205562	1110	1104	414.720783146	0.94
NM_214768	3311	3303	220.457087525	0.93
NM_001002688	2438	2428	283.698478623	0.92
NM_001111175	1214	1172	104.030020109	0.85
NM_001200020	2734	2660	143.468057076	0.89
NM_130926	621	621	1237.30107602	0.97
NM_199576	2107	2103	373.348543278	0.95
NM_001077330	778	755	113.753913265	0.87
NM_213294	1525	1510	243.393092957	0.92
NM_212769	1831	1783	170.097322822	0.92
NM_201053	1915	1882	108.54442085	0.86
NM_001007296	1464	1449	156.062690437	0.9
NM_199876	1622	1594	225.943869251	0.92
NM_001089371	1328	1311	128.448465306	0.88
NM_200030	265	252	269.449497607	0.96
NM_130948	1240	1239	716.934577383	0.96
NR_132113	1666	1605	483.996757673	0.97
NM_001025478	1537	1509	143.541659459	0.91
NM_001351798	728	682	151.035665634	0.91
NM_001044756	2636	2546	190.675238559	0.91
NM_213339	1528	1233	112.971016302	0.89
NM_131069	2357	2357	518.335173003	0.95
NM_001001593	537	525	483.273260068	0.96
NM_001040375	927	890	111.867748496	0.83
NM_001312882	1918	1882	396.703850154	0.96
NM_213510	2570	1133	236.69172051	0.96
NM_213180	1506	1502	822.477484797	0.96
NM_001002867	8579	8432	136.778054954	0.89
NM_199811	2421	2391	218.228276044	0.93
NM_001004667	1392	1383	341.74806731	0.95
NM_213204	482	481	667.038154882	0.96
NM_213428	1125	1119	371.092855543	0.95
NM_001013459	1299	1249	144.905795642	0.89
NM_200808	527	505	141.434337597	0.89
NR_132109	999	672	101.116979391	0.91
NM_199980	1802	1788	274.062736948	0.94
NM_001001818	2591	2575	147.131695637	0.9
NM_201153	832	827	180.062361669	0.92
