NM_001351701	2205	1789	712.061142445	0.75
NM_213016	3014	2341	108.357769123	0.62
NM_001199720	2183	2164	219.183375801	0.71
NM_173253	4213	4141	219.436484002	0.73
NM_212757	1834	1715	185.498604704	0.71
NM_001098730	1026	1007	143.498449559	0.68
NM_001079973	1842	1828	832.305798561	0.82
NM_001079961	2760	2729	157.853778723	0.72
NM_001003452	1457	1432	175.51210133	0.7
NM_001013533	2369	2367	680.478547786	0.72
NM_001012501	2090	1754	168.973139992	0.63
NM_001326495	899	764	160.298384553	0.66
NM_214718	2014	1977	121.280656496	0.73
NM_199628	1738	1476	123.224354393	0.67
NM_199562	1746	1622	101.783474308	0.64
NM_001017874	1045	1035	435.640188614	0.75
NM_001002495	436	390	174.388145185	0.73
NM_001007059	822	804	164.74983131	0.66
NM_001030232	1930	1904	217.641551256	0.73
NM_205667	963	957	1211.02961335	0.73
NM_001045402	900	895	808.060344183	0.75
NM_200298	785	767	922.036623484	0.77
NM_213204	482	481	1013.06545524	0.81
NM_200177	1899	1883	147.28610834	0.7
NM_001006057	1041	952	133.984086434	0.75
NM_213334	944	930	201.941180567	0.7
NM_001001944	4039	3802	135.510708727	0.71
NM_001002324	1626	1589	165.354583429	0.7
NM_001006022	1281	1259	107.518315309	0.65
NM_131810	1946	1415	113.460803407	0.73
NM_001309383	1906	1807	233.046161241	0.67
NM_212692	2280	2165	116.709807259	0.71
NM_001030235	2960	1984	119.698191955	0.71
NM_001320133	1786	1694	154.271936848	0.79
NM_001017902	1348	1326	155.604254742	0.69
NM_001256652	3850	3004	112.227042816	0.71
NM_131452	2133	2115	279.40079485	0.71
NM_212782	2794	1941	100.337936358	0.72
NM_131577	2326	2040	131.048439285	0.69
NM_001320326	2130	1847	142.894099905	0.72
NM_001037672	791	760	133.172433536	0.66
NM_152951	2332	2300	154.75143948	0.62
NM_200801	1181	1152	163.881762192	0.7
NM_001309525	2542	2227	191.057436674	0.72
NM_001077313	3448	2367	134.293124557	0.75
NM_213034	513	353	697.838601639	0.7
NM_199575	2146	2075	243.518019877	0.73
NM_001024400	608	579	115.446492018	0.67
NM_001044949	2722	2342	101.216022358	0.66
NM_001002468	1022	979	142.547248448	0.77
NM_001020749	1069	1023	210.758812594	0.69
NM_201053	1915	1837	103.064450214	0.67
NM_201111	2387	2298	149.722020589	0.69
NM_198140	1041	1041	1322.95712502	0.86
NM_200102	2428	2205	159.87304773	0.7
NM_173234	483	482	765.86994726	0.76
NM_001024399	989	972	246.23178587	0.76
NM_001083028	2853	2734	180.416763749	0.74
NM_199845	1826	1680	128.062890074	0.69
NM_001044858	6394	3951	104.40434808	0.74
NM_200047	832	829	437.61928619	0.81
NM_001288657	839	802	260.622510399	0.73
NM_001009990	1994	1936	173.034350193	0.74
NM_178292	1271	1137	113.295636174	0.66
NM_001003730	1436	1326	141.486198566	0.74
NM_201125	1851	1838	181.136542616	0.68
NM_001045471	1147	1103	152.016783393	0.64
NM_201062	1892	1871	138.498036058	0.71
NM_001002147	990	930	107.194342747	0.66
NM_200034	781	758	193.498898976	0.69
NM_001161599	1896	1880	437.616441178	0.71
NM_001002606	1391	1111	367.51172761	0.72
NM_213104	2249	2155	375.235701605	0.77
NM_201005	1653	1575	169.748676458	0.74
NM_199769	1960	1863	122.429176029	0.71
NM_213364	2853	2760	272.048506601	0.54
NM_001291933	915	673	107.522424546	0.69
NM_200815	451	450	747.560537068	0.83
NM_178294	966	945	296.774826121	0.64
NM_001110414	1505	1454	100.126702261	0.63
NM_001024735	1269	1253	175.995975315	0.67
NM_001045008	2398	2126	110.743506132	0.72
NM_001123389	4247	3097	135.138415255	0.68
NM_001005941	1106	1097	435.762182243	0.71
NM_001281985	1215	1143	125.594346108	0.73
NM_213462	1939	1757	117.716113971	0.69
NR_132439	3553	3077	125.604436789	0.69
NM_001256194	1220	1195	215.873372047	0.66
NM_001127470	488	459	183.98209579	0.73
NM_001025478	1537	1484	150.81900997	0.71
NM_001007153	1209	1198	279.015430542	0.8
NM_001025472	2588	2491	133.532971715	0.71
NM_200221	1906	1880	249.627146099	0.74
NM_201580	2315	1821	110.287926294	0.71
NM_213002	1422	1367	144.381879575	0.69
NM_131620	1430	1419	311.571680291	0.77
NM_131569	3917	2683	107.418497575	0.7
NM_001128693	2431	2248	159.627507159	0.69
NM_001003609	3381	2347	126.74634366	0.7
NM_001024390	1205	1171	116.436426331	0.66
NM_001077730	2054	1670	102.439593244	0.61
NM_199602	1906	1898	202.94384453	0.79
NM_001003861	634	630	396.194463789	0.86
NM_212762	435	428	288.919204776	0.76
NM_200544	1425	1370	122.290838828	0.68
NM_201318	1400	1400	510.938733462	0.76
NM_213145	1383	1376	398.892321009	0.76
NM_001289906	2416	2378	328.491115043	0.74
NM_200245	1925	1630	105.159909234	0.7
NM_213374	1991	1465	101.218405042	0.75
NM_200069	2277	2211	111.075408473	0.69
NM_199516	2304	2301	221.836651282	0.72
NM_200813	1767	1742	235.951134712	0.71
NM_214706	1706	1684	423.111034483	0.81
NM_199595	2595	2580	307.556159815	0.69
NM_200086	1012	1012	602.658212449	0.68
NM_001103194	1392	1004	148.599809748	0.68
NM_001007384	1474	1145	140.673293974	0.7
NM_001017829	964	850	103.609037097	0.68
NM_001111226	1743	1725	190.584355082	0.67
NM_199583	3547	3230	153.738832693	0.65
NM_213302	1639	1639	2401.94478205	0.78
NM_213510	2570	1324	357.434910995	0.83
NM_001003843	777	767	422.511283931	0.82
NM_201467	1977	1962	326.196604603	0.67
NM_201500	2311	2087	111.388055149	0.7
NM_131069	2357	2351	420.084940596	0.74
NM_199707	3859	2785	100.450068651	0.65
NM_001003756	989	974	210.802421381	0.78
NM_200646	3533	2456	108.085457013	0.66
NM_199518	2000	1298	149.337200052	0.71
NM_213366	2072	2035	146.386160234	0.64
NM_214746	3154	2492	117.478325318	0.68
NM_205537	1272	1254	243.153746803	0.72
NM_200219	618	596	152.864240738	0.7
NM_001130597	765	736	191.484165611	0.7
NM_001305583	2333	2275	142.139300548	0.65
NM_199853	1976	1870	143.268473381	0.74
NM_001172556	1236	1160	115.525688124	0.67
NM_131047	1625	1582	263.092340374	0.67
NM_200735	1634	1407	135.07493233	0.67
NM_212769	1831	1708	175.574968619	0.71
NM_212612	2529	2215	192.069165969	0.71
NM_205613	901	891	302.161427653	0.76
NM_001002211	1406	1380	182.253220974	0.76
NM_199865	576	536	118.810227824	0.7
NM_199761	1288	1274	455.736224239	0.75
NM_214793	694	689	245.102288505	0.81
NM_199755	1780	1562	101.858620282	0.64
NM_200993	2423	2407	388.267678344	0.75
NM_131112	2386	2358	437.762838913	0.72
NM_001080176	1395	1394	407.675260003	0.71
NM_200781	1741	1698	129.743681633	0.71
NM_001004551	2400	1925	110.414585553	0.66
NM_001031676	2397	2391	1006.68380952	0.83
NM_200199	1934	1605	111.941527062	0.69
NM_213021	826	816	258.593851966	0.72
NM_001033108	1865	1847	325.195876973	0.74
NM_001017766	1563	1383	131.461745253	0.75
NM_180964	755	755	5604.03943649	0.78
NM_001017896	893	878	212.404228472	0.67
NM_214772	3418	3089	132.248560678	0.71
NM_200860	1037	1009	112.830424425	0.71
NM_200130	1538	1487	143.835240894	0.69
NM_130995	2082	2073	930.845845626	0.73
NM_213350	1326	1319	313.611358111	0.7
NM_173261	3588	3553	204.075667423	0.74
NM_198911	2905	2860	285.981280553	0.74
NM_200101	2096	2047	166.124630667	0.77
NM_001007168	1086	965	102.362231267	0.65
NM_213262	2403	2397	349.227234948	0.79
NM_198809	1593	1560	446.075691851	0.75
NM_001002487	411	400	143.335721507	0.74
NM_199949	1010	795	460.0776989	0.84
NM_199650	2613	2577	132.988184481	0.65
NM_214712	1663	1247	101.487708673	0.7
NM_001115123	6890	3455	121.258418891	0.71
NM_199913	3736	2923	106.401388532	0.71
NM_001030239	2705	2654	167.514394293	0.71
NM_001105108	1254	1254	826.139844911	0.71
NM_201191	379	378	398.132551168	0.83
NM_199576	2107	2092	372.395750392	0.74
NM_131059	3350	3163	156.215216761	0.76
NM_001161487	585	537	271.937822877	0.79
NM_001030120	1429	1287	101.551835539	0.7
NM_200934	1741	1075	166.95601719	0.7
NM_001017752	1868	1786	112.691375159	0.77
NM_131773	3544	2654	123.973036206	0.67
NM_200418	2988	2265	110.886473436	0.7
NM_001002478	640	573	359.659832382	0.75
NM_199683	1121	1117	386.358885121	0.75
NM_001313770	853	835	2581.29236789	0.73
NM_001110119	553	526	177.249879596	0.72
NM_001003769	1747	1646	114.079073759	0.68
NM_001003425	2025	1879	154.855868689	0.7
NM_205668	1493	1480	203.481397091	0.76
NM_131294	747	705	136.807345774	0.73
NM_001302466	626	512	120.328058326	0.75
NM_213331	1267	1240	126.974245502	0.63
NM_201087	3796	3574	138.57486521	0.77
NM_001044950	994	986	163.414215238	0.69
NM_001328092	964	908	110.080018821	0.72
NM_001007346	1797	1241	105.493751687	0.77
NM_001025460	2415	2407	763.22080515	0.74
NM_201451	1923	1603	137.573418028	0.73
NM_200115	1931	1733	140.336968014	0.74
NM_001118896	1966	1304	119.867295388	0.72
NM_212589	1828	1770	174.292878296	0.73
NM_213663	1657	1578	186.358765957	0.73
NM_153644	800	795	1159.47857758	0.74
NM_212569	2189	2080	263.015518218	0.77
NM_213186	3362	3323	101.256313815	0.66
NM_201010	1360	1338	221.293846945	0.74
NM_199842	1959	1709	170.03902784	0.73
NM_001003643	1358	1204	154.784695232	0.73
NM_214766	2719	1866	114.115691787	0.74
NM_001114710	1397	1259	126.041310291	0.67
NM_001089427	2563	2463	166.084601388	0.7
NM_001002438	541	516	102.403010524	0.66
NM_001199436	4653	4599	476.839099087	0.69
NM_001308825	7501	5968	116.301336669	0.73
NM_130948	1240	1233	593.276881661	0.74
NM_199746	2436	2406	289.581225821	0.67
NM_001017867	1024	993	123.453488258	0.65
NM_001159911	659	626	194.232324162	0.73
NM_212940	3136	3106	250.329214028	0.79
NM_001326547	5457	4147	172.270388582	0.67
NM_001003634	2085	2026	215.090989765	0.7
NM_001003507	1380	1361	188.887215482	0.79
NM_131310	2699	2657	312.269546582	0.73
NM_001080695	1195	1130	160.851416389	0.76
NM_001004554	4235	2882	114.780005161	0.71
NM_213640	2749	2653	179.919346091	0.68
NM_214749	1151	1075	145.415296196	0.74
NM_201101	887	887	2165.52904955	0.8
NM_212953	298	296	712.933919052	0.88
NM_131455	2783	2737	275.746410963	0.74
NM_213181	1884	1736	115.057180596	0.69
NM_001079805	1560	1497	167.977627135	0.7
NM_200766	1140	1075	125.834678425	0.64
NM_212787	1664	1324	106.620834557	0.74
NM_199640	2424	2418	252.308721283	0.57
NM_001006055	878	777	118.572327768	0.75
NM_001040321	1659	1565	590.91904011	0.79
NM_152973	2095	2066	236.044937703	0.72
NM_001114593	2372	1578	101.627036736	0.67
NM_212676	1015	982	110.811934203	0.66
NM_199997	1964	1937	243.131348239	0.72
NM_001252559	2418	2203	135.871123991	0.83
NM_214774	1990	1646	112.49075475	0.64
NM_198807	2455	2414	627.127974149	0.71
NM_001102676	5182	3275	131.34279279	0.74
NM_001039497	1208	1165	150.285585834	0.67
NM_200550	1782	1691	251.975924745	0.76
NM_001001889	2350	2335	331.825613066	0.83
NM_001013300	2429	2382	104.606094814	0.54
NM_200104	1558	1558	1347.63419871	0.75
NM_001004597	3045	2504	132.227114809	0.74
NM_001024073	1943	1925	360.300008923	0.75
NM_181601	1767	1760	136.71586783	0.62
NM_199930	1981	1840	187.827973825	0.62
NM_200029	495	488	269.064852014	0.83
NM_213124	1505	1432	880.588140122	0.75
NM_001162502	4392	4209	248.953090588	0.7
NM_001002866	472	472	444.07918833	0.78
NM_173247	1264	1264	1407.01769698	0.8
NM_201050	1959	1947	274.117824766	0.7
NM_001005769	1842	1828	360.200909738	0.73
NM_212629	2082	1831	117.949420863	0.72
NM_199743	2545	2346	124.956518581	0.7
NM_001327759	8496	5853	108.228587026	0.69
NM_001002155	566	558	198.491780844	0.73
NM_205722	1431	1421	200.377387805	0.74
NM_001004561	2028	1944	172.489736407	0.74
NM_001327745	2576	2553	456.248539302	0.75
NM_001002172	1737	1528	102.564033799	0.71
NM_001017747	906	826	104.702695705	0.71
NM_001030209	1904	1900	536.020317751	0.78
NM_131801	2124	2115	241.473165082	0.75
NM_001081749	2396	1747	134.259933731	0.71
NM_198146	3318	2956	136.808898477	0.71
NM_001160335	1296	592	239.32779108	0.74
NM_001076652	2835	2675	103.516366663	0.67
NM_200171	1702	1622	103.989004213	0.71
NM_001013517	539	530	257.191475268	0.72
NM_001110105	2366	2237	151.432280062	0.7
NM_130939	1435	1435	2509.85856065	0.8
NM_152953	2185	2176	412.616821356	0.73
NM_001013344	748	733	171.119394435	0.68
NM_200059	1469	876	252.146884159	0.81
NM_200227	509	501	467.042406971	0.69
NM_001351700	2305	1895	730.690757868	0.71
NM_173263	1471	1445	221.952792293	0.75
NM_001102629	1594	1510	236.429864184	0.72
NM_001045049	1708	1688	547.461390142	0.69
NM_001289907	2400	2295	322.540893719	0.76
NM_001077603	3283	2824	148.259476016	0.72
NM_200190	1637	1598	217.836527036	0.7
NM_130912	2296	2236	370.723595063	0.78
NM_213070	1739	1726	652.431483143	0.69
NM_001006005	498	496	426.122533072	0.74
NM_213530	1628	1601	195.497691517	0.68
NM_001159825	533	464	174.643585182	0.74
NM_199811	2421	2372	227.450069027	0.71
NM_200192	1621	1480	123.706964275	0.71
NM_201031	1453	1140	162.510909922	0.73
NM_213528	3446	3395	237.045805392	0.8
NM_199937	1654	1531	144.749976306	0.72
NM_001144803	2895	2776	173.651923084	0.73
NM_200026	515	513	1395.37639575	0.78
NM_130941	4366	3892	134.459712522	0.7
NM_201469	2279	2102	128.954799712	0.69
NM_213486	1795	1726	106.947006304	0.64
NM_001040380	2222	1732	150.831757135	0.73
NM_001012498	640	627	226.211190201	0.75
NM_001008644	4525	2456	134.65815884	0.68
NM_001128686	580	521	103.747199961	0.74
NM_205699	3086	2945	159.432042919	0.72
NM_001002086	1396	1183	122.419733616	0.74
NM_214773	1667	1647	191.908100004	0.71
NM_152972	2976	2939	511.121993945	0.71
NM_001077804	1835	1793	1336.03824977	0.8
NM_199931	1406	1007	101.294960303	0.74
NM_001097584	3917	3608	167.732805683	0.66
NM_213489	2128	2099	190.360297461	0.73
NM_181559	1968	1920	180.172694723	0.73
NM_201449	2975	2164	101.295888447	0.71
NM_001002139	610	609	854.778054384	0.74
NM_001020523	1307	1273	144.310237788	0.71
NM_212710	2233	2091	201.987515876	0.71
NM_200745	852	789	283.115644666	0.76
NM_201488	2650	2621	352.510339362	0.74
NM_212802	2687	2638	198.60284679	0.71
NM_199694	1483	1466	354.29993686	0.72
NM_001102393	1428	1381	133.978622275	0.63
NM_214691	2292	2101	133.593004023	0.75
NM_213293	1692	1687	555.240766285	0.78
NM_213298	1609	1584	264.366857064	0.76
NM_001199367	1107	1107	1741.52901447	0.73
NM_001002116	1747	1407	106.779553407	0.75
NM_194397	1204	737	252.372379673	0.74
NM_212587	1840	1836	1072.50295842	0.75
NM_131376	1589	1573	441.352103019	0.71
NM_200626	1845	1814	152.351220311	0.72
NM_001100089	1610	1544	292.424995562	0.73
NM_001319650	804	592	229.210856177	0.8
NM_001076732	519	518	369.545848424	0.82
NM_001077295	786	758	158.94132273	0.7
NM_001105277	2672	2624	171.136037453	0.72
NM_001017863	937	920	172.520177273	0.73
NM_212996	717	717	1489.98142277	0.79
NM_213168	2419	2376	328.679369447	0.75
NM_201477	1088	1063	114.723088753	0.59
NM_183072	3116	2972	211.947432458	0.73
NM_194373	2095	1980	164.047249983	0.75
NM_131189	4935	4906	586.005517455	0.72
NM_001002366	1347	1134	141.005135614	0.73
NM_131585	1058	1043	185.307950737	0.52
NM_213641	1708	1380	187.525604172	0.72
NM_212659	2024	1932	114.549773718	0.68
NM_001002078	399	367	480.086020657	0.78
NM_001025503	1688	1669	473.998403706	0.78
NM_001258317	1001	976	180.18655031	0.74
NM_205607	2074	1970	139.322804105	0.66
NM_212811	2039	1785	134.242043737	0.66
NM_001034180	1807	1577	105.529755236	0.69
NM_001031668	3687	3451	105.323626131	0.65
NM_001083544	548	543	299.027012405	0.78
NM_201450	3498	2853	160.312464287	0.73
NM_001123007	734	731	223.68836171	0.74
NM_001139462	1351	1325	107.472389272	0.67
NM_001201442	683	617	245.313171465	0.83
NM_001007055	1328	1316	244.672417158	0.74
NM_131355	3115	2669	158.207413903	0.76
NM_001003422	932	870	175.930792255	0.67
NM_200598	2739	2448	162.025902961	0.78
NM_001080087	1141	1128	221.977070548	0.71
NM_001024817	3247	2585	110.11845952	0.74
NM_001044756	2636	2519	144.602187439	0.65
NM_200107	1423	1404	225.996982921	0.63
NM_205689	1543	1441	121.166041982	0.72
NM_212945	1249	1168	115.881404425	0.72
NM_001002081	568	568	933.844493008	0.68
NM_001007364	1096	1071	124.86822055	0.69
NM_212828	1860	1836	234.294462843	0.74
NM_001017866	726	646	132.812152881	0.7
NM_001002705	1817	1432	117.501924541	0.74
NM_213014	1822	1814	154.300568256	0.69
NM_199933	3311	3212	263.392184408	0.75
NM_213403	3662	3074	118.180570224	0.75
NM_001030076	1433	1398	158.042377434	0.69
NM_177479	912	911	360.802411028	0.8
NM_001110371	2492	2458	382.415036192	0.75
NM_173244	4899	3569	167.13677478	0.76
NM_001126377	1826	1825	397.841750159	0.74
NM_131686	3477	3423	223.036439009	0.75
NM_001030000	785	768	180.505382939	0.68
NM_001002106	1038	1038	913.368093981	0.79
NM_200974	1246	1204	272.545735082	0.74
NM_200425	2026	1609	116.65302695	0.76
NM_001003439	1097	1049	160.858316522	0.7
NM_001024440	1132	1109	110.231573656	0.63
NM_001302742	394	365	104.358692448	0.71
NM_001002677	1296	1224	1257.03123774	0.72
NM_213176	2872	2822	239.685380496	0.74
NM_001002748	1493	1289	184.250777825	0.73
NM_212632	2072	1804	289.283638914	0.7
NM_001009902	1242	832	136.834909632	0.83
NM_201475	1685	1659	379.557250663	0.74
NM_001080806	7312	6100	274.050855289	0.78
NM_200114	1681	1646	157.477193399	0.72
NM_212646	1189	1169	182.173125251	0.69
NM_200896	1087	966	139.461404285	0.76
NM_001082551	5347	4574	157.007514801	0.76
NM_173236	2213	2202	460.633195132	0.72
NM_214683	3016	2579	111.596518774	0.72
NM_001008732	2434	2162	187.00780441	0.7
NM_001030063	2342	1453	113.333698898	0.66
NM_001004003	3275	3165	143.824962669	0.81
NM_001128671	3201	2988	171.163122097	0.74
NM_200809	1096	260	260.595999881	0.99
NM_213639	1142	870	160.611807794	0.73
NM_001303006	1567	1494	157.228069203	0.73
NM_001172570	2593	2590	177.660247563	0.71
NM_205673	1403	1384	768.884823014	0.75
NM_001007375	881	855	757.795780895	0.72
NM_173238	3052	2980	221.693581777	0.75
NM_001017801	916	909	177.284870385	0.72
NM_212630	2077	2066	454.396590333	0.78
NM_213188	2624	2610	579.448786824	0.69
NM_197937	499	495	936.763097918	0.69
NM_001083818	2481	2452	206.258466657	0.73
NM_001044332	2091	2066	414.391728136	0.76
NM_201579	1950	1821	537.14891974	0.7
NM_001002575	1120	1108	275.087929861	0.73
NM_001100070	893	877	1815.91048678	0.76
NM_200976	7541	3429	106.235403348	0.73
NM_173251	890	882	730.771789362	0.81
NM_198364	1785	1611	127.013090613	0.72
NM_199428	1597	1518	513.795346272	0.74
NM_200835	2679	2649	165.383630033	0.63
NM_001309644	1435	1388	402.86298616	0.71
NM_199542	4070	3415	165.261849936	0.71
NM_199849	1880	1334	117.899389731	0.73
NM_001110022	2604	2173	170.30115464	0.7
NM_001089544	1215	1129	141.003802754	0.69
NM_001100436	441	441	542.064945681	0.74
NM_001003888	644	628	116.568375107	0.61
NM_201129	2859	2842	237.722964781	0.73
NM_001006082	1057	987	145.448698735	0.74
NM_001045848	1378	1180	101.548018298	0.68
NM_199725	632	615	291.904888149	0.79
NM_199876	1622	1552	205.096909274	0.71
NM_212599	3242	3114	188.781481143	0.7
NM_200360	1236	1211	134.681720911	0.77
NM_201315	2419	2258	179.638537111	0.7
NM_001006013	770	737	239.529701671	0.67
NM_213438	3154	2836	111.336534616	0.64
NM_199912	1864	1724	150.608840434	0.65
NM_201298	2030	2011	493.610984142	0.79
NM_001003434	357	325	446.735186455	0.83
NM_205552	3155	2152	110.849293112	0.69
NM_212581	3212	3149	497.921917697	0.72
NM_200386	1221	1181	300.869438011	0.72
NM_001309458	1052	918	144.615953979	0.77
NM_001002867	8579	8530	239.622906112	0.67
NM_199639	2171	2128	189.303488986	0.77
NM_213107	1258	1247	118.796381098	0.76
NM_200502	613	613	431.598179988	0.81
NM_212983	2873	2556	129.2590197	0.71
NM_212990	1305	1188	102.863096646	0.71
NM_001089546	1288	1246	163.33761113	0.77
NM_130925	1985	1984	937.268130999	0.76
NM_212603	1499	1477	587.549782713	0.71
NM_001080586	4372	3262	110.113386098	0.72
NM_001012366	2584	2413	206.108705833	0.73
NM_001008618	2180	1822	180.448818383	0.74
NM_213148	1200	1185	291.51194812	0.72
NM_198121	1234	1207	1150.74507242	0.7
NM_200089	4068	2724	139.901859441	0.76
NM_001004667	1392	1374	321.711594468	0.78
NM_213236	1566	1560	760.496060236	0.75
NM_001003447	678	673	364.2809904	0.81
NM_213092	1589	1581	673.998004351	0.76
NM_001017574	1635	1634	962.956882243	0.79
NM_213028	696	683	114.789672269	0.68
NM_001025530	1320	1234	110.895027744	0.71
NM_213053	2688	2628	195.409024324	0.7
NM_001012499	3307	3073	198.277267606	0.72
NM_001025186	1368	1353	168.506149089	0.7
NM_201468	1862	1835	525.46571868	0.72
NM_001105596	685	655	197.888924729	0.67
NM_213165	1693	1641	169.506568859	0.71
NM_001044902	1913	1883	315.156503603	0.72
NM_001243178	360	329	518.110977471	0.74
NM_131404	1466	1402	241.190361005	0.68
NR_135185	805	401	167.268715674	0.77
NM_200852	722	721	646.213197273	0.83
NM_200710	2233	2146	181.380345197	0.77
NM_001110121	508	507	639.050755831	0.86
NM_001256179	1270	1169	111.626890021	0.71
NM_001002433	1124	1086	189.867823826	0.74
NM_001004665	755	595	246.60319804	0.73
NM_001017769	1380	1355	397.60319423	0.73
NM_198870	2196	2172	395.206001576	0.74
NM_201328	2579	2351	121.210822583	0.75
NM_001080184	1867	1859	413.799032031	0.78
NM_213406	1601	1572	164.931959942	0.67
NM_213279	889	886	256.371625093	0.83
NM_001013552	1015	895	302.848380067	0.75
NM_200203	1246	1051	128.534176346	0.66
NM_131734	904	883	730.94838998	0.73
NM_201056	713	703	170.780082625	0.71
NM_131572	903	900	371.732888557	0.74
NM_001007159	2793	2673	141.857337413	0.72
NM_001326532	2345	2269	277.932961433	0.73
NM_001114739	2663	2581	229.039660344	0.7
NM_001076617	1423	1280	111.489936799	0.66
NM_199994	1598	1585	271.915405652	0.73
NM_131444	1040	1038	914.23439706	0.84
NM_131833	1490	1467	297.431679488	0.7
NM_001033751	1111	1082	120.112091071	0.7
NM_200025	417	415	420.535429537	0.75
NM_213377	570	569	885.649338582	0.85
NM_001202428	906	873	127.916636554	0.72
NM_131368	2562	2408	192.470017843	0.75
NM_001003503	1289	1274	223.073074297	0.69
NM_199574	1813	1771	171.575738102	0.7
NM_001002525	1577	1547	235.529636851	0.68
NM_001076558	976	814	185.794156587	0.76
NM_199772	1594	1551	175.328493723	0.7
NM_001172637	405	380	218.36918332	0.72
NM_200732	483	483	1012.5335712	0.83
NM_001109741	1428	1271	130.511740363	0.79
NM_131220	1791	1754	214.988405944	0.72
NM_001136185	614	551	118.363919188	0.63
NM_131714	3483	2957	123.148446679	0.75
NM_199588	1289	1124	114.351128855	0.73
NM_212601	1458	1370	138.603714149	0.66
NM_200103	2231	1950	155.054143584	0.71
NM_212584	1391	1388	1770.15350783	0.75
NM_001110126	1521	1511	248.10307342	0.74
NM_001002546	1137	1112	127.311080848	0.71
NM_199591	1983	1908	127.29118945	0.68
NM_001017700	639	632	644.000468062	0.73
NM_199843	2780	2677	232.326515305	0.75
NM_214811	2239	2205	393.884206368	0.7
NM_001282177	500	486	652.212508537	0.86
NM_213080	2202	2159	795.36883635	0.68
NM_001002686	1167	1102	106.902604329	0.68
NM_173224	998	996	1316.05100275	0.81
NM_001002703	931	837	206.256331055	0.7
NM_001089371	1328	1314	203.919629156	0.71
NM_001013469	1184	1174	140.284241293	0.69
NM_205599	1107	1095	368.798086867	0.79
NM_199670	2073	1709	116.983898401	0.7
NM_213180	1506	1502	717.303754998	0.76
NM_199546	1638	1606	190.369466139	0.7
NM_001127477	3663	3146	154.294733816	0.65
NM_001037424	1074	1073	1501.2739548	0.68
NM_194391	1438	1241	102.086560322	0.71
NM_130922	2069	2065	443.207852292	0.74
NM_001017699	777	773	265.956073236	0.74
NM_200281	1784	1646	123.967913978	0.67
NM_199623	2532	2503	376.993929697	0.74
NM_001017739	862	848	289.427457618	0.73
NR_132113	1666	1580	587.118305624	0.79
NM_001037691	926	769	372.211762861	0.73
NM_001033595	4350	4308	240.549858588	0.79
NM_001353934	559	549	6483.41496172	0.84
NM_001077250	1996	1969	309.778554792	0.79
NM_001042769	1471	1433	103.559441438	0.6
NM_131524	2159	2094	421.309334729	0.74
NM_001024426	1223	1022	107.119804635	0.66
NM_212735	2658	2200	134.918673232	0.68
NM_001327809	2306	2080	118.465460537	0.66
NM_205558	1625	1590	145.747092956	0.65
NM_212595	2011	1996	514.537730569	0.75
NM_001003414	1644	1633	337.83980252	0.78
NM_001003860	687	687	418.690716932	0.71
NM_213417	619	594	722.003258458	0.77
NM_001040043	498	498	930.693562677	0.79
NM_198802	1827	1744	171.13262161	0.72
NM_213019	1049	904	110.450676166	0.65
NM_001040351	3343	2249	111.511125127	0.68
NM_213370	1821	1804	191.468170237	0.69
NM_001002521	960	950	217.011548408	0.66
NM_001004593	1842	1625	100.09248776	0.67
NM_200510	2353	1983	106.78085695	0.61
NM_213436	2444	2026	105.959491709	0.69
NM_200028	466	463	363.981767089	0.82
NM_182866	2633	2163	546.455422925	0.77
NM_001002073	1238	1192	319.331754208	0.74
NM_001098480	441	430	309.415365913	0.71
NM_001013445	2351	2249	147.942629656	0.7
NM_001003890	2344	2333	832.039393724	0.73
NM_200988	2330	2299	132.462230235	0.7
NM_001040375	927	904	139.448006635	0.67
NM_001045064	6953	5050	156.815554642	0.77
NM_200944	1033	1005	113.070596069	0.58
NM_001037698	1606	1283	110.876403007	0.74
NM_001037226	1122	1042	105.403454282	0.63
NM_200065	3086	2978	193.520315612	0.73
NM_200769	606	446	147.577028956	0.82
NM_194398	1339	1333	220.290689764	0.75
NM_001002162	1955	1759	132.933576611	0.71
NM_201052	1066	1063	178.845121657	0.71
NM_001305594	1300	1272	139.229125824	0.73
NM_001159983	774	709	116.456537191	0.66
NM_200759	1257	1223	117.374591199	0.65
NM_200304	1822	1799	200.321547626	0.76
NM_001017994	1879	1645	118.4166185	0.65
NM_213077	5079	5059	400.72951514	0.75
NM_001040052	1228	438	172.847132975	0.83
NM_001017812	1326	1058	136.5047441	0.73
NM_001017599	1089	1061	144.651452662	0.75
NM_199875	1809	1576	120.86117185	0.68
NM_213277	2437	2432	477.370491377	0.68
NM_131883	2454	2372	293.765472202	0.74
NM_001037386	2280	2051	237.61452213	0.72
NM_001083577	3079	2999	131.008350249	0.61
NM_214714	2273	2254	129.358577228	0.68
NM_001007372	974	958	145.297042099	0.72
NM_001008603	1538	1482	174.900211685	0.69
NM_001020774	3642	3532	225.691138006	0.73
NM_200068	3044	3032	315.081116545	0.69
NM_001002512	1212	1172	105.371907209	0.66
NM_213219	2351	2002	163.268113538	0.74
NM_001202426	924	890	147.063438797	0.74
NM_200046	629	458	459.027275514	0.87
NM_173246	1093	1010	162.94749103	0.79
NM_001013345	888	886	539.703250592	0.77
NM_199795	1533	1462	142.539706005	0.65
NM_199773	1731	1718	159.986060813	0.67
NM_212605	1994	1741	296.090607289	0.8
NM_201496	2160	2084	143.642267681	0.7
NM_201061	504	501	482.019147012	0.81
NM_201588	2454	2425	175.405898766	0.74
NM_001105128	967	868	116.245936294	0.69
NM_200128	2240	2120	229.105602012	0.72
NM_001001593	537	526	670.087193247	0.74
NM_001313700	1944	1529	111.981069544	0.73
NM_199952	1472	1428	219.413252221	0.73
NM_212663	2972	2436	121.343770593	0.68
NM_200008	762	760	970.025750056	0.78
NM_001003728	818	779	175.200084357	0.79
NM_001077613	3350	3100	195.856308674	0.71
NM_001320439	3485	2342	110.652700626	0.74
NM_212696	2164	1884	134.991166686	0.71
NM_206888	2571	2354	131.261784098	0.62
NM_001081629	3711	3632	225.051475302	0.73
NM_131513	1495	1495	3279.23124478	0.71
NM_001002115	1407	1346	132.039261075	0.72
NM_001001818	2591	2478	213.900745662	0.71
NM_213110	1915	1775	116.84774785	0.68
NM_001244839	1213	1179	172.075470577	0.67
NM_001076720	1399	1329	120.50637825	0.64
NM_214695	3131	2154	107.061276799	0.71
NM_214722	3146	3061	242.364801714	0.76
NM_001135579	1221	1131	136.484703875	0.74
NM_199708	2037	2033	960.869413313	0.71
NM_001044809	4571	4521	211.497673814	0.72
NM_213439	1234	1233	1333.36988355	0.67
NM_131580	1081	1064	274.65648794	0.92
NM_001033741	841	794	205.867998521	0.75
NM_213336	1459	1421	1477.21972186	0.77
NM_173252	721	676	208.830759677	0.71
NM_199963	1953	1923	149.9843077	0.7
NM_131057	2859	2379	116.954816258	0.72
NM_131456	3732	3704	264.632676517	0.71
NM_001002121	2041	1962	128.120294239	0.7
NM_199914	1523	1348	113.355786079	0.64
NM_001002688	2438	2408	275.771304631	0.7
NM_213638	1000	998	749.648548948	0.78
NM_200696	785	775	272.375546195	0.73
NM_001102392	571	569	164.325324316	0.73
NM_001014289	3974	2702	104.629108963	0.69
NM_001328190	3336	3259	178.10124234	0.69
NM_001013536	1099	1054	578.071518671	0.73
NM_001080054	2651	2617	175.276637359	0.71
NM_201323	1231	974	137.495905065	0.75
NM_001076568	1580	1444	121.437837491	0.75
NM_001077535	2030	2027	241.810448449	0.7
NM_201043	1067	1043	358.121295884	0.74
NM_212948	709	539	100.473974217	0.73
NM_200845	453	452	1174.77781145	0.81
NM_201492	2157	2151	392.246851925	0.75
NM_131662	2431	1623	104.850228889	0.74
NM_200912	2625	2521	156.300547223	0.76
NM_131710	2418	1681	181.370528259	0.77
NM_001017637	1944	1850	235.658512564	0.74
NM_200258	2133	2058	192.844139447	0.68
NM_200754	666	629	103.433990336	0.61
NM_201181	1730	1248	106.501635884	0.71
NM_199677	2030	1861	166.509490367	0.73
NM_200157	2789	2262	104.4440072	0.67
NM_199872	2275	2051	117.241565634	0.76
NM_001004560	2282	2095	106.25861591	0.68
NM_199734	1635	1610	220.066857458	0.73
NM_001309472	1168	975	145.165443931	0.73
NM_199916	982	910	112.898814424	0.74
NM_001004675	823	787	167.854043747	0.74
NM_199729	1901	1827	150.293188745	0.65
NM_181603	4884	4454	133.901673256	0.76
NM_001002067	764	735	246.239639426	0.75
NM_200182	2697	2656	174.363635918	0.78
NM_212615	1918	1907	276.856760476	0.72
NM_001328342	1608	1590	492.404505553	0.7
NM_200467	1846	1762	150.577742534	0.78
NM_213449	3598	2392	102.634129972	0.71
NM_199724	483	472	247.890303078	0.78
NM_001007351	1001	925	177.303486628	0.72
NM_198356	3253	2962	122.031518883	0.7
NM_001005983	1451	1365	116.943307006	0.72
NM_001077330	778	769	139.300281664	0.71
NM_205562	1110	1102	588.43191354	0.77
NM_001005937	2939	2857	153.133732529	0.72
NM_001007774	1090	1073	387.984278167	0.71
NM_001037667	6656	6160	233.855790638	0.8
NM_200053	755	743	188.280545728	0.71
NM_199481	1939	1937	1306.51625905	0.74
NM_001309531	1197	1187	1813.93477082	0.77
NM_199547	2150	2122	244.759622141	0.72
NM_001252373	912	818	143.961592992	0.69
NM_001309473	986	884	154.798520678	0.74
NM_001039985	1602	560	214.844138085	0.87
NM_213514	2079	851	470.326752109	0.95
NM_001110472	4141	2484	121.130476096	0.62
NM_213434	3998	3053	166.574140406	0.71
NR_132112	1059	954	142.485697947	0.77
NM_198805	3777	3274	129.908411363	0.62
NM_200120	3568	3197	161.475683316	0.68
NM_201324	2071	2007	156.557041932	0.69
NM_001003869	1684	1675	708.185255541	0.74
NM_201065	1326	1316	305.943382197	0.65
NM_001270973	2474	2130	173.286704905	0.77
NM_001082837	2181	1913	111.277452609	0.68
NM_001281721	1433	1433	2857.41842766	0.77
NM_200220	2081	1923	195.536424072	0.69
NM_199788	1103	1097	132.467026421	0.65
NM_205612	1200	1011	104.642906119	0.74
NM_001007335	1902	1634	105.074413254	0.67
NM_001313759	4194	2960	102.34354174	0.71
NM_001003544	1244	1215	127.466114567	0.61
NM_001013460	1182	910	105.572430802	0.71
NM_212993	966	959	151.547909953	0.69
NM_001198751	711	509	1225.69324772	0.85
NM_001002160	1522	1501	199.916348967	0.69
NM_212758	782	782	951.179211528	0.71
NM_180965	852	852	3487.94034548	0.73
NM_001005949	954	851	136.069567661	0.73
NM_201217	2259	2178	261.505993	0.7
NM_001002335	1771	1761	366.656132201	0.77
NM_001089343	801	772	106.785313898	0.7
NM_001115117	1974	1935	150.528513732	0.74
NM_001017878	557	535	129.665268145	0.77
NM_001115140	2557	2480	149.868709531	0.71
NM_001037239	1102	881	161.786769752	0.77
NM_001326447	1381	1202	103.407517352	0.78
NM_201141	184	179	260.918368734	0.76
NM_201194	2282	2267	308.482083899	0.76
NM_173233	520	492	219.474410106	0.72
NM_201192	2166	2152	251.528133244	0.76
NM_201584	658	658	2100.65690858	0.76
NM_001256729	1792	1711	223.019499964	0.77
NM_001033107	2124	1975	364.800717473	0.72
NM_205627	2866	2845	208.128818979	0.81
NM_001089525	3846	3747	358.946872972	0.77
NM_199839	2240	2131	328.245690427	0.72
NM_001020472	2034	1589	129.202785024	0.75
NM_001080653	963	900	123.933097074	0.76
NM_131351	1260	1231	394.32777419	0.74
NM_001007361	1550	1523	297.130294742	0.69
NM_001123299	3138	2542	127.591705655	0.68
NM_001003875	2443	2403	160.62832276	0.74
NM_001002440	876	789	121.5922256	0.67
NM_001076758	1150	1073	112.288398543	0.7
NM_213185	1250	1233	291.255063746	0.74
NM_200030	265	257	398.692846218	0.79
NM_001006019	1571	1530	239.633908609	0.72
NM_212671	1372	1358	420.136864402	0.69
NM_200881	1996	1754	145.354450301	0.68
NM_001044983	507	484	237.329927228	0.78
NM_213339	1528	1110	100.309734273	0.69
NM_199757	451	432	143.611039221	0.76
NM_214721	859	827	418.893558975	0.74
NM_001102634	544	496	375.189025386	0.81
NM_213317	2315	2040	1068.55435903	0.8
NM_199956	2049	2034	215.92303795	0.74
NM_212725	2193	1919	104.613526497	0.66
NM_001009889	2617	2185	640.787497889	0.74
NM_001113800	1290	1108	195.769296422	0.72
NM_001044754	1503	1498	501.945862578	0.77
NM_001007370	1140	874	100.60031405	0.67
NM_001017797	1307	1307	1438.54515722	0.78
NM_001030129	1762	1543	114.581199798	0.69
NM_131599	1227	972	336.026488967	0.73
NM_001111168	1945	1940	398.941905838	0.74
NM_001327928	826	765	1832.5805126	0.68
NM_001271474	826	786	769.381937624	0.65
NM_001017633	1921	1912	548.910199405	0.65
NM_213146	2620	2002	112.928238397	0.66
NM_198142	2269	1846	321.561101528	0.72
NM_001001948	1593	1522	115.276431828	0.77
NM_001320324	2045	1804	145.356239362	0.73
NM_200184	1547	1496	193.539600123	0.72
NM_001044779	1182	1137	511.933167949	0.78
NM_001271817	931	905	516.015316466	0.74
NM_201185	1255	1230	205.041957244	0.77
NM_199771	1782	1768	434.99921544	0.74
NM_001098392	1870	1869	1149.11962576	0.75
NM_201513	1945	1930	376.969441889	0.74
NM_001131053	552	552	225.440056555	0.62
NM_001004494	2262	2203	136.7409527	0.66
NM_001105526	393	388	401.129465341	0.88
NM_001013573	2294	2244	217.670880915	0.69
NM_001256193	1325	1317	229.96024224	0.64
NM_213037	926	911	294.52016324	0.79
NM_001002378	887	819	153.602865484	0.69
NM_213159	1406	1351	136.80572111	0.67
NM_001002079	503	502	453.850419952	0.76
NM_201336	2817	2514	113.257738505	0.56
NM_001029972	1536	1518	219.810763989	0.74
NM_001089351	631	558	732.469168259	0.68
NM_001003640	1732	1722	334.014790895	0.74
NM_201138	1662	1572	207.107986481	0.73
NM_001013443	4163	3476	133.36315805	0.72
NM_001309640	3873	2147	161.471021396	0.78
NM_198358	2667	2586	294.300137363	0.74
NM_200195	1963	1878	108.402085544	0.71
NM_201060	620	619	627.241986876	0.82
NM_001003429	771	751	349.929383377	0.71
NM_199636	728	717	357.549737208	0.79
NM_199535	768	757	549.457271129	0.79
NM_213644	826	821	244.896851301	0.8
NM_001043323	817	812	1371.3413377	0.68
NM_201026	2098	2011	118.748664682	0.78
NM_200525	502	493	210.931338275	0.77
NM_214757	1547	1499	171.16866178	0.67
NM_001077164	1425	1354	140.0262057	0.73
NM_200495	1495	1494	634.866779255	0.79
NM_213351	1541	1537	469.346775822	0.74
NM_001002068	805	804	655.975404649	0.76
NM_001045276	2510	2468	143.671320561	0.63
NM_199932	2022	1911	171.667321671	0.67
NM_001305588	928	872	214.553621983	0.79
NM_212833	990	980	1299.16743735	0.77
NM_001004296	3558	3543	266.893992741	0.8
NM_001015060	2812	1911	533.61063337	0.72
NM_001020761	775	732	188.693811375	0.69
NM_001044324	3798	3458	143.644422709	0.61
NM_212909	1162	1160	1818.61837026	0.76
NM_214707	2486	2463	248.469896356	0.76
NM_001002203	755	746	240.920209371	0.68
NM_001161470	3571	2743	125.822663234	0.66
NM_001002505	686	683	456.023540239	0.73
NM_001024395	1099	1073	162.357633994	0.75
NM_001270540	1921	1870	223.812129193	0.74
NM_001002465	1193	995	102.72840868	0.62
NM_001025471	1825	1719	111.489659285	0.7
NM_199545	2659	1999	108.035835699	0.72
NM_001159946	743	684	165.774375392	0.74
NM_181330	2728	2397	102.741642095	0.74
NM_001159314	4450	3504	103.83822488	0.68
NM_001076615	1233	1183	100.449000328	0.74
NM_173249	703	690	315.926733891	0.78
NM_001037110	852	825	223.795337113	0.67
NM_131442	1356	1344	219.617714017	0.73
NM_001025516	1563	1516	141.393184974	0.71
NM_200160	1645	1323	102.22782505	0.67
NM_212754	3274	3045	129.353616408	0.75
NM_001017748	996	640	104.226234673	0.62
NM_200694	868	855	431.061540035	0.76
NM_201214	1758	1727	342.843040982	0.74
NM_173235	635	537	523.628014884	0.75
NM_001024403	693	658	236.99318284	0.7
NM_212726	1694	1485	108.053964262	0.7
NM_173835	1772	1690	216.928461602	0.64
NM_205559	2111	2087	242.168987823	0.78
NM_198143	657	657	384.022796341	0.8
NM_201309	2747	2410	168.219095442	0.74
NM_131176	1454	1451	671.392888072	0.73
NM_199548	1566	1550	392.078470805	0.77
NM_200066	1645	1629	375.466383214	0.76
NM_001089542	2618	2114	120.180226653	0.73
NM_173232	700	695	366.983180514	0.86
NM_200517	1375	1328	111.300296545	0.69
NM_001308551	1728	1576	144.319975912	0.72
NM_200771	1335	1246	123.493411837	0.75
NM_001002317	629	616	192.925291701	0.74
NM_213250	3048	3025	304.11248171	0.72
NM_001003731	915	900	282.771983665	0.78
NM_212566	1185	1172	620.191660357	0.71
NM_001270554	2133	2127	541.936433943	0.76
NM_001003474	1440	1357	155.696898479	0.72
NM_001110386	542	530	171.404365023	0.72
NM_199555	1267	1238	124.151107676	0.7
NM_198371	2241	2173	121.068721095	0.74
NM_214689	4274	2883	110.597422027	0.73
NM_001004289	2206	2120	153.541180197	0.7
NM_214782	2049	1657	110.655787622	0.64
NM_001002486	304	304	811.466651041	0.75
NM_131820	3292	2929	239.203645492	0.7
NM_131247	1497	1481	251.042566348	0.72
NM_001002519	1060	1044	112.369731398	0.66
NM_213383	1824	1792	313.769017345	0.7
NM_212952	393	389	257.514020782	0.71
NM_001002509	476	464	199.702424109	0.75
NM_001045349	1628	1591	442.607349397	0.81
NM_001004674	895	892	504.258941931	0.78
NM_131450	2067	2030	811.586292068	0.67
NM_001082830	1131	1071	146.744857283	0.73
NM_199669	1459	1434	182.61295305	0.77
NM_001025536	2800	2761	198.484215936	0.64
NM_001005953	794	756	255.243491888	0.68
NM_213386	2179	2147	275.452967169	0.69
NM_200458	2810	2806	718.033666546	0.79
NM_200366	1456	1424	137.845216798	0.69
NM_131761	833	648	115.110354339	0.79
NM_001013538	3493	2603	146.331610169	0.74
NM_194264	1218	1189	215.270454615	0.68
NM_001003623	2252	2227	215.67474332	0.66
NM_001008602	1203	1103	118.973496618	0.68
NM_199790	2376	2321	140.072986458	0.73
NM_001077716	2924	2785	265.483181175	0.74
NM_001160409	1279	1093	150.294070276	0.7
NM_001313699	1960	1570	109.242278225	0.75
NM_001128680	1477	1414	119.446211548	0.68
NM_200919	1303	1215	101.277443782	0.67
NM_200743	1036	1022	310.078968946	0.68
NM_001256190	1048	972	418.57772683	0.72
NM_199723	2044	2004	255.65163956	0.74
NM_001159528	565	554	389.378236591	0.8
NM_199672	2895	2076	136.179768509	0.76
NM_200094	2754	2734	228.080294572	0.78
NM_213113	524	518	309.246190512	0.8
NM_001044341	2036	1642	121.750570267	0.74
NM_001122749	4702	4641	168.37104285	0.71
NM_001130192	3149	3119	325.782890563	0.71
NM_212880	2206	2084	148.910182919	0.74
NM_200261	2924	2834	209.685648416	0.74
NM_173264	860	786	103.59915686	0.69
NM_199760	653	627	350.816541496	0.71
NM_213197	1918	1904	194.904022873	0.74
NM_001002097	987	965	301.417061626	0.75
NM_153663	2643	2414	197.484032888	0.76
NM_001001399	1042	975	121.333997969	0.71
NM_199782	2184	2119	1192.42382196	0.69
NM_214768	3311	3290	213.286258945	0.77
NM_001103112	2902	2509	111.89983435	0.68
NM_200911	1640	1602	139.171830268	0.67
NM_001017764	2229	2148	116.160267156	0.66
NM_001002050	1276	1071	143.716344763	0.72
NM_001301360	2299	2218	192.774067428	0.75
NM_199993	1443	1400	209.874139004	0.72
NM_194374	4303	3886	183.743815966	0.76
NM_001326707	1301	1197	183.523445647	0.72
NM_001166123	696	652	153.885330932	0.72
NM_199797	2348	1707	108.59088631	0.64
NM_212937	1764	1742	161.90047794	0.68
NM_001017651	1317	1188	142.353343201	0.7
NM_001045388	833	828	761.433765651	0.69
NM_001013265	1080	1076	523.901653226	0.79
NM_213536	1947	1904	123.160633031	0.67
NM_199430	1480	1479	1701.54637686	0.7
NM_001290080	3280	3045	395.270712398	0.72
NM_001202510	960	418	258.545552021	0.72
NM_001127333	2139	2128	515.73679636	0.76
NM_212832	2205	2151	436.443850527	0.82
NM_001002684	2073	2060	210.233685736	0.71
NM_200322	1385	1367	186.083907336	0.71
NM_199980	1802	1791	248.760247171	0.7
NM_001130697	679	641	259.208184894	0.9
NM_001017632	1861	1848	291.536718549	0.76
NM_200533	1158	1142	156.440068306	0.8
NM_001005931	2331	2309	280.996668303	0.75
NM_212723	3491	3467	336.843922684	0.74
NM_213015	1944	1931	1013.0108061	0.83
NM_001007327	2489	1941	108.660971681	0.68
NM_001005589	851	847	250.692923154	0.82
NM_200302	1501	1497	473.880140393	0.78
NM_213382	1769	1768	497.010853992	0.79
NM_200742	412	394	146.088113113	0.74
NM_201078	1493	1454	289.032445287	0.76
NM_001002064	1628	1472	113.849469625	0.73
NM_199692	2181	2036	122.282493103	0.69
NM_001020605	737	725	264.676268402	0.75
NM_001351798	728	699	182.279790236	0.77
NM_001256205	3476	3186	196.96407346	0.77
NM_001110402	2213	1512	100.084611592	0.7
NM_199823	1848	1845	366.087145388	0.71
NM_001009898	878	872	269.60062253	0.72
NM_001144793	820	785	211.237065358	0.72
NM_001003995	1512	1492	122.501088446	0.7
NM_001089428	3015	2999	480.469204944	0.71
NM_001044811	947	881	108.085005388	0.67
NM_001111176	2020	1163	115.209627237	0.86
NM_001200020	2734	2460	137.017884052	0.7
NM_201499	1996	1964	217.649515551	0.72
NM_001326384	5589	3356	157.092941438	0.7
NR_138548	701	644	582.148739521	0.76
NM_001008600	1454	1320	117.757044845	0.66
NM_001312897	3464	2881	117.37509382	0.69
NM_001024439	820	805	374.646095433	0.74
NM_200823	5471	5265	197.530469602	0.69
NM_200100	1262	1228	162.77592875	0.65
NM_200006	1388	1350	178.190951907	0.73
NM_213428	1125	1111	397.787236636	0.78
NM_198908	3473	2848	129.192601039	0.71
NM_205714	1652	1630	136.337754407	0.73
NM_001099251	1172	1105	161.426021484	0.73
NM_001099263	1036	1033	202.367779101	0.7
NM_001110388	538	518	362.248173618	0.84
NM_001126388	3177	3157	145.673072812	0.66
NM_001002082	950	924	277.428531425	0.79
NM_001103116	1209	960	170.313154287	0.7
NM_200564	1980	1903	199.518907303	0.75
NM_001004601	3178	3145	476.181464656	0.7
NM_213052	1898	1457	100.658683729	0.74
NM_001017593	1279	1273	2217.70584239	0.77
NM_213479	1687	1679	603.377166336	0.76
NM_001089339	2002	1845	106.612921831	0.58
NM_001014303	1968	1823	132.125338742	0.74
NM_212598	1558	1462	186.399363399	0.69
NM_001003994	4054	2992	112.479051457	0.74
NM_001111244	4101	3329	109.479202429	0.74
NM_001328586	881	843	220.166663796	0.79
NR_135184	834	390	132.612480733	0.74
NM_212818	1632	1620	2285.38481903	0.77
NM_001017582	728	715	313.867579593	0.75
NM_001089469	3460	1965	101.50050201	0.64
NM_213466	1532	1529	609.020521978	0.76
NM_001145554	4414	3410	137.917009234	0.69
NM_001080041	2858	2835	229.762572683	0.73
NM_200590	1529	1391	102.460501698	0.65
NM_001105692	4404	3890	162.102818052	0.7
NM_001089356	2793	2469	205.523807897	0.76
NM_001004652	514	498	638.75854526	0.77
NM_152949	1899	1898	1156.52021706	0.79
NM_213068	2654	2649	342.021357276	0.76
NM_001126433	4113	3966	144.941526201	0.69
NM_212904	1981	1059	129.290783057	0.65
NM_200601	2122	1937	118.075292394	0.64
NM_200403	1359	1314	217.366877944	0.74
NM_199711	2891	2778	235.6965942	0.74
NM_001044767	4842	3120	123.565360043	0.7
NR_145818	2099	1865	2839.0329628	0.68
NM_198806	2485	2457	189.583162668	0.72
NM_001012316	494	493	325.259288826	0.83
NM_200431	2094	1995	396.882427797	0.76
NM_212994	2227	2166	228.211952081	0.69
NM_207063	1357	1334	351.134030306	0.75
NM_201082	2474	2466	275.057000395	0.69
NM_001044993	2166	2071	157.730293876	0.73
NM_201122	430	425	232.645069271	0.76
NM_001326493	4171	3592	146.511420155	0.65
NM_178290	1341	1269	141.863739033	0.67
NM_001020534	691	678	132.240254535	0.71
NM_001045231	847	805	128.708095867	0.61
NM_001044395	1041	955	115.870534692	0.73
NM_001003648	2563	2457	195.953810246	0.69
NM_200961	1367	1343	195.704220817	0.66
NM_001105588	2100	1964	117.80314063	0.72
NM_205709	1157	1142	434.310562266	0.81
NM_001080753	912	893	238.06889104	0.67
NM_207055	2612	2281	129.827651023	0.71
NM_205580	1191	1187	540.961979371	0.77
NM_001020684	1181	1156	181.992047244	0.74
NM_212784	763	673	365.498431093	0.78
NM_001077314	2329	2105	202.408062808	0.72
NM_200774	1411	1393	179.726790253	0.75
NM_213013	986	986	337.415389165	0.71
NM_212932	1336	1330	296.357527726	0.68
NM_213314	2302	1916	102.996159157	0.71
NM_001030065	3197	2334	146.480291663	0.74
NM_001017831	1128	1112	275.953652584	0.72
NM_131760	1239	1170	266.41898965	0.71
NR_135206	2284	1856	132.431789324	0.71
NM_001002527	968	668	122.143989934	0.73
NM_213216	1731	1557	122.496096376	0.8
NM_001034178	683	656	134.002290766	0.72
NM_001110403	2335	2334	1324.92360843	0.74
NM_199727	2361	1437	246.643079927	0.99
NM_199764	1821	1602	123.527074209	0.71
NM_212657	2706	2705	585.513495983	0.77
NM_131263	1753	1752	2064.32104356	0.77
NM_213208	687	682	450.503160226	0.83
NM_001098757	1759	1736	206.910481532	0.73
NM_001077323	2565	2451	167.514095941	0.76
NM_001310843	983	913	107.451327117	0.67
NM_001077355	1851	1692	107.661556978	0.71
NM_001077156	2630	1859	115.740042695	0.72
NM_131512	2178	2098	353.645635421	0.75
NM_201483	2936	2908	159.950682431	0.7
NM_213067	2302	2112	202.166364442	0.63
NM_001082838	4174	3026	128.415602687	0.76
NM_001002572	1107	1096	341.657317686	0.75
NM_199983	2598	2591	370.389740451	0.76
NM_200049	1187	1042	100.671935581	0.68
NM_212628	1695	1667	291.899640484	0.67
NM_001001590	1354	1295	375.735346077	0.75
NM_200650	2313	2236	920.162178325	0.75
NM_131427	2914	2888	279.559452602	0.75
NM_201119	1889	1861	142.12160917	0.67
NM_001079975	1926	1674	107.17389944	0.68
NM_001126455	927	895	261.820868656	0.77
NM_001001819	490	488	375.189813094	0.77
NM_131145	2634	2429	163.538005121	0.67
NM_001002596	1471	1461	588.797289024	0.76
NM_201197	1295	1109	120.45563798	0.68
NM_001109720	867	861	209.99495874	0.75
NM_145195	489	487	801.765115497	0.74
NM_199812	2747	2475	108.174284216	0.68
NM_183071	1312	1287	3240.1239024	0.79
NM_001327817	2109	1915	129.481695705	0.68
NM_001008627	2362	2320	173.340962976	0.68
NM_131637	1945	1911	499.186983385	0.71
NM_001044967	1716	1241	117.496650593	0.73
NM_001017899	1282	1186	289.056908075	0.75
NM_001002427	555	546	335.042479673	0.73
NM_001024407	769	764	412.307076913	0.66
NM_001100438	737	636	110.084915462	0.76
NM_199633	3410	2437	118.175229744	0.68
NM_200607	1909	1839	148.793625721	0.74
NM_130926	621	621	1932.26268306	0.87
NM_001037677	453	439	139.712820679	0.8
NM_001030227	3083	2705	128.122423067	0.67
NM_199278	1687	1630	197.414137231	0.77
NM_198366	2668	2509	791.783045401	0.72
NM_200529	1496	1470	129.421384021	0.71
NM_001024098	2200	2171	241.140885582	0.68
NM_199763	3910	2319	116.452919868	0.7
NM_199719	1526	1499	134.11089825	0.62
NM_212626	1541	1524	235.410140057	0.78
NM_201189	3358	2589	111.671172041	0.65
NM_201039	867	853	336.085282763	0.75
NM_001004635	1079	1069	187.153609093	0.7
NM_213000	1716	1693	200.394448938	0.66
NM_001256631	2491	2380	251.477037643	0.7
NM_001007186	1224	1142	214.44832647	0.74
NM_199780	3197	2497	123.923339776	0.7
NM_001243034	1098	1062	136.233910635	0.75
NM_001077738	2536	2084	109.055965439	0.66
NM_001040094	1945	1648	158.135979575	0.71
NM_131309	1418	1141	303.085011556	0.72
NM_200675	1581	1490	139.028344347	0.78
NM_194394	1014	977	107.879395539	0.74
NM_214699	1423	1210	463.760905498	0.78
NM_199671	1288	1279	554.768591602	0.76
NM_001017565	1107	1094	231.192519303	0.76
NM_001302478	479	465	295.996223061	0.73
NM_001004527	2223	2132	127.185401109	0.67
NM_201112	1531	1490	507.773732077	0.82
NM_199559	2198	1878	119.5747784	0.73
NM_213722	1391	1379	222.234711268	0.79
NM_212977	1620	1575	977.354100409	0.76
NM_200765	520	516	441.776337681	0.79
NM_001045013	3195	3164	153.018704507	0.65
NM_178287	841	689	106.804864207	0.53
NM_199679	2346	2326	153.952816763	0.74
NM_001014343	2029	1984	362.077784145	0.72
NM_199599	1472	1352	137.779607394	0.76
NM_001003863	2277	2059	139.42478424	0.74
NM_200027	727	727	507.309967027	0.8
NM_199863	2172	1687	108.116055056	0.66
NM_205541	1833	1793	329.821896081	0.71
NM_001013260	1373	1160	116.736632139	0.69
NM_001256780	2608	2527	121.842856847	0.68
NM_212641	1956	1936	153.708064584	0.73
NM_212910	1354	1239	100.417317346	0.68
NM_001024409	1233	1224	956.389815478	0.74
NM_001007296	1464	1446	208.456684397	0.72
NM_001111223	2405	2270	176.014170265	0.69
NM_001024377	2023	1914	101.977275094	0.68
NM_212698	1094	954	113.861554346	0.68
NM_001076569	1891	1870	206.900038461	0.74
NM_199480	2006	1973	342.238089855	0.75
NM_001033746	1944	1915	132.882611704	0.78
NM_213178	1954	1950	995.000394664	0.76
NM_201094	1303	1269	100.816208001	0.71
NM_001077759	1821	1652	111.246932292	0.68
NM_213160	2310	2167	156.59809936	0.72
NM_001004641	1029	1016	152.858516622	0.68
NM_205560	1988	1761	157.426097906	0.75
NM_198373	1178	1067	118.045809492	0.65
NM_200632	2012	1465	115.110597026	0.66
NM_001003564	805	773	156.151185125	0.69
NM_131679	2510	2474	210.667463736	0.79
NM_212790	1357	1346	453.00630749	0.72
NM_001003844	919	811	192.228497345	0.74
NM_199432	2083	2019	119.125191884	0.72
NM_001328426	1833	1652	132.726991988	0.7
NM_001320425	2084	2036	139.052577914	0.73
NM_153661	1378	1366	314.22788888	0.71
NM_001310015	5539	4745	199.464401661	0.75
NM_213079	1728	1722	700.511544447	0.73
NM_213294	1525	1495	302.036336332	0.82
NM_001013272	2053	1738	160.75526776	0.88
NM_214817	1907	1874	201.952409282	0.68
NM_201452	5093	3131	105.203792567	0.63
NM_001030284	1915	1566	105.253322535	0.71
NM_001105599	1365	1351	518.598726418	0.73
NM_212986	1706	1600	174.512604141	0.7
NM_212709	1904	1889	176.115478739	0.69
NM_200303	785	785	1420.78754625	0.79
NM_200713	813	791	165.522388734	0.82
NM_212675	1290	1280	309.211391222	0.76
NM_200056	904	894	288.451778067	0.8
NM_001123057	1091	971	118.047629571	0.61
NM_173258	1894	1863	267.280845205	0.71
NM_001326706	1360	1197	175.316680774	0.73
NM_001199737	2076	1932	132.015012785	0.7
NM_214770	1751	1453	134.595511273	0.66
NM_001328036	7934	2081	858.167788417	0.94
NM_001025533	2603	2520	196.519389145	0.78
NM_213182	1676	1651	182.093171329	0.52
NM_001031671	1213	973	122.642571977	0.7
NM_213072	1521	1479	363.682194474	0.76
NM_001328559	2598	1794	192.590815227	0.8
NM_001004589	2795	2774	172.581065434	0.62
NM_131252	2569	2388	116.156595221	0.73
NM_001077743	2781	1906	142.285829605	0.75
NM_001243037	635	623	318.881419423	0.74
NM_200720	900	865	395.003623626	0.76
NM_213426	1246	1131	189.413800033	0.75
NM_001079958	2967	2514	102.914126687	0.76
NM_173266	486	478	251.431921184	0.74
NM_198922	2543	2501	197.559884542	0.71
NM_001003432	636	632	746.959411263	0.7
NM_200958	1832	1819	339.490308802	0.72
NM_001245968	5678	3632	132.186954154	0.7
NM_200808	527	506	179.310587906	0.74
NM_001326449	873	801	109.809285899	0.69
NM_001282033	1209	1119	140.681711598	0.71
NM_001312882	1918	1875	397.307566335	0.71
NM_200161	1795	1753	134.144663323	0.67
NM_131382	1726	1690	233.082403627	0.7
NM_131390	2996	2977	297.782708281	0.75
NM_131493	1109	960	358.643854475	0.76
NM_201153	832	831	275.989947056	0.76
NM_001099995	552	537	161.212184582	0.7
NM_001017585	968	870	121.745984803	0.64
NM_001089426	1117	1066	128.19103727	0.67
NM_001013459	1299	1242	172.404338858	0.68
NM_001037423	1904	1451	104.210458885	0.72
NM_199333	2387	2360	135.487226092	0.67
NM_194417	2696	2588	201.125973101	0.66
NM_001005955	934	893	170.917343059	0.69
NM_001079974	2913	1617	140.81630208	0.65
NM_212609	3157	2909	110.000369941	0.74
NM_001007383	1101	1082	415.662608212	0.73
NM_001077343	3359	3195	143.059838391	0.78
NM_001003868	590	573	142.702071476	0.68
NM_199864	1251	1188	150.635159082	0.73
NM_001002698	998	967	203.829366881	0.79
NM_200260	1376	1360	246.42420484	0.74
NM_212708	2973	2970	375.964972611	0.72
NM_001002069	344	342	583.570967909	0.82
NM_001033106	1940	1910	340.170599556	0.62
NM_213464	2597	2586	169.189912405	0.64
NM_212810	4376	3665	118.192129749	0.71
NM_213385	1514	1492	146.938025096	0.66
NM_199996	1431	1177	540.035417551	0.77
NM_001077322	723	719	465.664239476	0.8
NM_001005590	2862	2276	125.647795896	0.74
NM_001025452	2323	2176	117.912381071	0.71
NM_201146	561	560	421.109165809	0.77
NM_200752	630	629	676.378829881	0.78
NM_001037222	1931	1873	315.610360848	0.71
NM_001327845	953	852	104.803033945	0.64
NM_001126457	1515	1458	313.649637417	0.75
NM_001177453	903	900	213.775803498	0.8
NM_001037702	3795	3724	180.386272629	0.74
NM_213235	2369	1848	110.263876919	0.66
NM_200921	1692	1435	162.726748028	0.77
NM_199614	2061	1348	102.664547468	0.76
NM_001002152	1741	1616	187.549584229	0.68
NM_001309267	2448	2378	301.744529577	0.72
NM_131670	1758	1747	397.430247859	0.76
NM_200839	1497	1489	149.001878234	0.73
NM_200959	1797	1788	325.263568351	0.72
NM_001326708	1284	1227	195.043616491	0.73
NM_001115095	3041	2809	187.0271833	0.67
NM_200096	1729	1726	257.474701063	0.7
NM_205590	943	874	108.703481103	0.66
NM_001256029	2041	1937	165.9012216	0.69
NM_001113591	2287	2277	343.255619431	0.75
NM_001002353	1295	1195	116.238823758	0.68
NM_001346309	2477	2323	193.946289906	0.76
NM_001003532	1764	1698	326.713003652	0.73
NM_200956	1996	1751	120.253888226	0.75
NM_001302634	1322	890	286.310959441	0.77
NM_001002164	1610	1586	194.668584464	0.71
NM_200750	463	463	430.135250572	0.79
NM_212572	1919	1870	205.178247919	0.78
NM_214696	2658	2643	742.126489189	0.72
