NM_214718	2014	1999	109.413427103	0.82
NM_213528	3446	3306	104.663149049	0.76
NM_001004667	1392	1383	304.420688856	0.85
NM_198142	2269	1839	166.491004852	0.79
NM_201146	561	558	416.033708069	0.88
NM_001003640	1732	1723	244.726805744	0.85
NM_200736	1253	1218	145.744457891	0.88
NM_001100436	441	439	545.698269486	0.84
NM_200260	1376	1355	146.143457728	0.71
NM_001077314	2329	2188	137.492055031	0.83
NM_001003840	1070	1053	120.690610734	0.78
NM_001020684	1181	1159	131.228043609	0.77
NM_199677	2030	1869	156.799170548	0.79
NM_199683	1121	1117	281.562702002	0.85
NM_001327928	826	764	1157.95980302	0.76
NM_205559	2111	2097	227.501824081	0.81
NM_213496	2276	2201	100.794380095	0.79
NM_199565	1546	1519	115.648093853	0.83
NM_131833	1490	1475	219.804022429	0.8
NM_001002427	555	531	182.133255295	0.79
NM_200114	1681	1670	136.602237861	0.8
NM_212657	2706	2697	295.730277982	0.83
NM_001040321	1659	1530	325.916650394	0.81
NM_212603	1499	1473	314.739653316	0.78
NM_001126377	1826	1814	116.149053062	0.82
NM_001003728	818	777	180.137652798	0.82
NM_001020761	775	738	128.383347173	0.83
NM_001017688	1620	1596	121.165118396	0.8
NM_131637	1945	1923	259.88672836	0.83
NM_205627	2866	2790	121.631869985	0.82
NM_153663	2643	2495	107.894322054	0.79
NM_200103	2231	2201	165.158398467	0.78
NM_001319650	804	596	242.824699328	0.87
NM_001127470	488	433	117.063285979	0.81
NM_213236	1566	1556	443.110416776	0.79
NM_001128676	1476	1391	127.68255531	0.87
NM_001177453	903	894	189.177566625	0.83
NM_200958	1832	1810	163.985836302	0.83
NM_199516	2304	2302	227.116142236	0.84
NM_199934	980	968	124.037027805	0.85
NM_001128336	1845	1840	386.489580155	0.8
NM_212626	1541	1499	122.441580225	0.74
NM_199650	2613	2592	113.390649614	0.79
NM_001098757	1759	1745	155.267408839	0.79
NM_173233	520	493	255.168156547	0.86
NM_130995	2082	2073	453.123984802	0.74
NM_001081629	3711	3614	149.492851592	0.79
NM_201088	2471	2395	114.27308834	0.81
NM_198121	1234	1205	802.600183695	0.87
NM_180964	755	755	3588.79392642	0.81
NM_001005978	1296	1280	113.998526611	0.85
NM_001305546	3508	3423	114.406041129	0.81
NM_213060	2913	2862	163.437699734	0.8
NM_213640	2749	2731	184.732688825	0.75
NM_200101	2096	2072	123.117612427	0.81
NM_001031676	2397	2389	654.9604482	0.82
NM_198802	1827	1786	103.159326457	0.78
NM_001305594	1300	1255	100.020275385	0.77
NM_001128680	1477	1454	141.958323107	0.75
NM_213080	2202	2155	467.025349683	0.77
NM_200161	1795	1766	125.694220402	0.79
NM_131585	1058	1057	485.372749289	0.87
NM_001034178	683	664	127.340893549	0.72
NM_001042769	1471	1439	135.573525415	0.79
NM_001080041	2858	2847	207.039520033	0.81
NM_152953	2185	2167	209.247498288	0.83
NM_001326449	873	809	103.42428257	0.78
NM_001005949	954	883	124.336191311	0.83
NM_001013517	539	530	179.416585018	0.81
NM_200295	1397	1387	215.169326698	0.83
NM_001131053	552	551	440.204194361	0.78
NM_001110127	2367	2283	103.104869167	0.78
NM_205722	1431	1421	129.607531588	0.8
NM_001017400	1168	1131	154.882281075	0.79
NM_001045349	1628	1591	276.000845619	0.8
NM_001002064	1628	1487	127.895128479	0.82
NM_194432	2109	1983	105.879340424	0.79
NM_001309267	2448	2378	310.419214984	0.82
NM_200227	509	506	373.109857856	0.81
NM_001002487	411	398	156.368775293	0.82
NR_102288	1512	967	108.600070115	0.73
NM_198358	2667	2575	151.645527023	0.79
NM_212671	1372	1364	475.042016517	0.84
NM_001079973	1842	1832	544.072897618	0.82
NM_199579	3282	3209	100.771709883	0.79
NM_001003634	2085	2024	101.042925141	0.79
NM_001002684	2073	2058	138.47066097	0.79
NM_001017582	728	711	205.31737078	0.8
NM_213145	1383	1377	223.041086196	0.84
NM_001004635	1079	1075	194.501790996	0.81
NM_199694	1483	1465	178.103170056	0.83
NM_001083818	2481	2438	119.88484559	0.82
NM_199428	1597	1518	449.263302095	0.82
NM_001044395	1041	965	182.399608268	0.81
NM_213374	1991	1975	110.063847598	0.8
NM_001089544	1215	1134	387.961794376	0.86
NM_200972	1057	1038	126.548764483	0.85
NM_001109741	1428	1382	205.151681532	0.84
NM_131512	2178	2072	178.607730686	0.84
NM_199795	1533	1490	122.647863756	0.8
NM_131702	2559	2545	344.697867066	0.83
NM_001139462	1351	1322	119.3528769	0.79
NM_001013471	1225	942	132.660820789	0.84
NM_001123389	4247	3314	176.020982012	0.84
NM_001007383	1101	1079	250.180730572	0.79
NM_001100089	1610	1557	274.097680222	0.78
NM_199540	2833	2582	175.316277301	0.85
NM_001089546	1288	1257	142.20337438	0.81
NM_200919	1303	1259	140.610234515	0.82
NM_001013273	3625	3570	143.755899867	0.83
NM_001044983	507	496	168.05354484	0.81
NM_001017633	1921	1912	279.522690396	0.76
NM_131670	1758	1745	253.439729462	0.8
NM_212723	3491	3475	264.500994301	0.84
NM_199812	2747	2678	131.130228635	0.82
NM_001030076	1433	1410	145.723046418	0.78
NM_001089427	2563	2538	243.861464033	0.81
NM_201061	504	499	437.909303237	0.87
NM_001328586	881	842	199.820260417	0.83
NM_001017739	862	851	223.763166268	0.8
NM_001003995	1512	1498	174.428973801	0.81
NM_199571	1120	1112	118.118991487	0.79
NM_001270554	2133	2127	350.711975438	0.8
NM_213639	1142	1090	286.734176599	0.84
NM_001271474	826	777	416.156162801	0.78
NM_001017651	1317	1199	127.931437661	0.83
NM_199275	1743	1718	232.373079784	0.8
NM_200403	1359	1338	146.976894466	0.82
NM_001077343	3359	3307	119.885891435	0.81
NM_001002575	1120	1108	206.194128006	0.81
NM_001045235	3834	63	158.365339459	0.97
NM_173232	700	695	395.391598249	0.84
NM_001159946	743	676	102.278214369	0.86
NM_001007367	1852	1848	123.025960548	0.8
NM_201125	1851	1834	116.075589736	0.82
NM_199746	2436	2413	230.279570186	0.81
NM_212663	2972	2928	152.195202735	0.79
NM_199771	1782	1772	579.085652413	0.88
NM_001017902	1348	1337	138.452185627	0.82
NM_131761	833	651	180.960171946	0.83
NM_001013533	2369	2367	997.644303108	0.83
NM_199864	1251	1184	138.616867056	0.83
NM_200104	1558	1557	755.124821383	0.78
NM_001045402	900	895	560.198266171	0.83
NM_213235	2369	2343	161.507334065	0.83
NM_130926	621	621	1943.33028724	0.9
NM_001089339	2002	1963	152.545859502	0.8
NM_001309531	1197	1186	1270.02779038	0.81
NM_001004561	2028	1962	132.913520779	0.81
NM_201513	1945	1943	383.477873747	0.86
NM_001076629	1060	1036	148.396387769	0.8
NM_001005953	794	755	195.876286819	0.78
NM_212754	3274	3147	108.81823773	0.81
NM_001002097	987	951	168.954239509	0.8
NM_213440	2146	2131	120.789474229	0.83
NM_001282033	1209	1121	128.432168883	0.84
NM_001006105	1484	1427	149.866913097	0.8
NM_212782	2794	2741	107.879650727	0.79
NM_199430	1480	1480	1326.37678782	0.81
NM_001105108	1254	1254	1070.77349868	0.82
NM_001004554	4235	3153	113.623318401	0.81
NM_199853	1976	1955	105.640905562	0.81
NM_194264	1218	1189	437.193408975	0.82
NM_001006057	1041	985	110.225748041	0.8
NM_001098730	1026	1012	242.027147055	0.82
NM_213016	3014	2982	142.599879664	0.82
NM_001126455	927	898	243.09760315	0.84
NM_173241	2359	2339	171.48598733	0.83
NM_212653	2511	2471	131.681291185	0.78
NM_131524	2159	2074	185.08837105	0.8
NM_213641	1708	1405	335.456207432	0.82
NM_199657	2645	2615	103.048533333	0.77
NM_212996	717	717	1191.94959344	0.84
NM_131493	1109	951	203.196224767	0.79
NM_131294	747	714	244.5908814	0.82
NM_213015	1944	1874	533.809744056	0.88
NM_001126457	1515	1457	241.825994132	0.81
NM_001003474	1440	1412	155.486799436	0.84
NM_131145	2634	2607	144.996611141	0.8
NM_200028	466	459	348.277827273	0.85
NM_213638	1000	997	414.692925909	0.82
NM_212866	1539	1525	112.073892221	0.83
NM_199547	2150	2071	108.485261013	0.78
NM_214722	3146	3117	142.925955672	0.77
NM_152951	2332	2312	171.854533874	0.76
NM_213219	2351	2140	124.338462457	0.77
NM_001002572	1107	1093	230.090463167	0.82
NM_001098392	1870	1868	906.642583071	0.83
NM_213058	2340	2316	188.387399831	0.82
NM_001033107	2124	2070	379.361431748	0.85
NM_001009898	878	871	221.683732578	0.81
NM_207063	1357	1328	182.463364382	0.78
NM_213070	1739	1719	371.307549875	0.82
NM_214782	2049	1668	107.066221468	0.8
NM_001037110	852	826	117.566792792	0.8
NM_173238	3052	2987	154.228657063	0.83
NM_001003483	1304	1256	106.273293077	0.79
NM_212758	782	782	1098.63302632	0.82
NM_212714	2038	1974	119.347918586	0.84
NM_001015060	2812	1907	230.595274875	0.82
NM_001013469	1184	1165	148.270877928	0.82
NM_001003609	3381	3327	110.850891905	0.8
NM_201039	867	849	171.267664518	0.77
NM_200765	520	512	397.054889175	0.81
NM_212710	2233	2165	115.004488048	0.76
NM_212731	1287	1279	139.065736888	0.81
NM_001024073	1943	1931	206.850712099	0.8
NM_212726	1694	1653	130.998481885	0.83
NM_201214	1758	1721	227.679106923	0.82
NM_173222	1437	1428	171.936794408	0.82
NM_131310	2699	2658	545.353202951	0.82
NM_001077355	1851	1841	219.076906214	0.83
NM_200029	495	489	293.361384203	0.84
NM_182866	2633	2069	395.425731675	0.84
NM_200710	2233	2152	144.848088457	0.81
NM_001033108	1865	1856	284.828944441	0.84
NM_001076652	2835	2801	379.10438539	0.85
NM_199740	1953	1914	109.328092692	0.8
NM_200732	483	483	984.47709371	0.84
NM_200416	1414	1404	156.850983109	0.79
NM_173246	1093	1044	114.128310573	0.82
NM_001005983	1451	1410	133.232452029	0.84
NM_001002596	1471	1465	381.203893461	0.88
NM_212762	435	426	248.460616142	0.81
NM_001077544	2495	2468	136.697847032	0.81
NM_213257	2641	2617	159.433603552	0.83
NM_131047	1625	1582	208.032029534	0.8
NM_001077285	1662	1643	165.43281453	0.82
NM_198070	2674	2634	168.307900198	0.85
NM_001045426	819	730	121.777932695	0.79
NM_131883	2454	2383	300.126359549	0.82
NM_001003843	777	764	333.394396338	0.81
NM_213045	1311	1209	154.607535521	0.87
NM_200099	1417	1299	158.04896435	0.72
NM_213417	619	589	503.114520051	0.85
NM_131057	2859	2728	139.460114652	0.83
NM_001024439	820	803	178.602889714	0.81
NM_001003471	1421	1031	105.834291376	0.83
NM_131263	1753	1751	1835.67700738	0.82
NM_198821	2152	2110	102.005344309	0.78
NM_131573	742	721	154.116902181	0.78
NM_213462	1939	1764	131.701637159	0.82
NM_001256194	1220	1192	167.564907186	0.8
NM_199993	1443	1428	146.863584966	0.8
NM_212764	1590	1570	149.229991087	0.81
NM_201197	1295	1271	117.38551989	0.8
NM_001113591	2287	2277	209.280466125	0.81
NM_145195	489	487	498.23197344	0.77
NM_001077759	1821	1752	116.038667196	0.87
NM_213262	2403	2391	258.706048563	0.84
NM_001009889	2617	2183	497.83248525	0.82
NM_001005590	2862	2811	104.752902482	0.81
NM_199770	1920	1891	102.735041733	0.78
NM_001003432	636	631	729.417270802	0.87
NM_201469	2279	2259	120.988534626	0.81
NM_001007296	1464	1448	132.495855667	0.8
NM_205580	1191	1189	404.522366496	0.88
NM_200845	453	453	1036.11016645	0.87
NM_212725	2193	2138	100.648185839	0.78
NM_001024440	1132	1114	139.718556091	0.8
NM_212974	2185	2168	100.103744446	0.79
NM_001109720	867	791	112.539959686	0.75
NM_199888	2218	2196	140.98019644	0.83
NM_199794	1804	1733	105.107311038	0.8
NM_001044959	1736	1684	248.632270972	0.8
NM_131355	3115	3100	233.152242519	0.84
NM_199773	1731	1722	241.812893499	0.81
NM_001288657	839	792	163.224994968	0.81
NM_200988	2330	2305	110.638564288	0.82
NM_213336	1459	1420	1565.55886147	0.9
NM_001017851	1753	1717	117.932217238	0.78
NM_199995	361	343	100.810776325	0.81
NM_001013460	1182	977	119.576562593	0.82
NM_153661	1378	1367	252.54812746	0.79
NM_001024429	1877	1729	104.051564538	0.8
NM_213037	926	914	229.404480974	0.84
NM_205599	1107	1091	200.459179113	0.82
NM_200130	1538	1524	130.872072668	0.8
NM_183071	1312	1300	1785.94182261	0.88
NM_201191	379	375	366.022354899	0.85
NM_001044949	2722	2585	109.57893765	0.81
NM_001115140	2557	2511	184.01723234	0.82
NM_001002113	2024	1999	105.240359826	0.8
NM_173266	486	473	155.036467702	0.78
NM_213021	826	816	217.158967732	0.81
NM_001013265	1080	1073	325.626497575	0.82
NM_001004674	895	887	353.536828549	0.79
NM_001110371	2492	2457	185.130063407	0.76
NM_201488	2650	2616	214.666825598	0.8
NM_001024403	693	673	215.077808278	0.81
NM_001007186	1224	1137	178.508222611	0.83
NM_001030247	2625	2616	315.262039457	0.83
NM_001305584	1127	1030	120.019284306	0.78
NM_131151	1311	1296	118.563280702	0.82
NM_200694	868	850	255.540624396	0.83
NM_001309845	4701	4481	112.912899002	0.85
NM_199994	1598	1584	325.487583796	0.83
NM_200025	417	415	374.688947378	0.87
NM_201082	2474	2467	202.707536189	0.8
NM_200030	265	251	373.976572191	0.8
NM_001326540	2454	2359	113.346453819	0.8
NM_001007309	2103	2074	123.774962856	0.79
NM_001077322	723	719	333.693949489	0.82
NM_001012366	2584	2571	190.809729697	0.82
NM_201122	430	417	245.824368226	0.81
NM_200053	755	749	189.022974909	0.82
NM_001025460	2415	2408	425.18777769	0.82
NM_001077804	1835	1792	1102.54414199	0.8
NM_200006	1388	1374	154.102608692	0.82
NM_001130697	679	640	390.634186767	0.99
NM_200157	2789	2775	110.687410396	0.8
NM_131820	3292	3242	230.439066809	0.8
NM_199671	1288	1281	388.104115779	0.77
NM_131450	2067	2030	499.496041643	0.8
NM_200564	1980	1890	151.846216487	0.82
NM_199729	1901	1846	111.864706711	0.79
NM_001044811	947	899	153.412503183	0.84
NM_001002172	1737	1654	104.705151787	0.79
NM_201588	2454	2438	108.149235213	0.81
NM_212790	1357	1345	212.762714508	0.78
NM_001025186	1368	1363	228.691565477	0.84
NM_001003544	1244	1217	106.397177686	0.76
NM_001043323	817	808	616.267056917	0.63
NM_001002056	1394	1336	110.154793656	0.79
NM_200221	1906	1893	197.640498908	0.79
NM_001289906	2416	2363	161.108453246	0.81
NM_001006098	1253	1167	103.5169403	0.68
NM_001076558	976	815	194.88276662	0.81
NM_131693	1558	1028	116.453251225	0.76
NM_201309	2747	2689	131.213744833	0.83
NM_131189	4935	4893	300.89221251	0.79
NM_001017601	516	489	108.989807406	0.85
NM_198366	2668	2442	460.352406571	0.84
NM_199724	483	471	235.928927042	0.84
NM_212784	763	669	422.951561486	0.81
NM_131452	2133	2121	210.516914224	0.79
NM_173236	2213	2194	217.692050227	0.74
NM_173258	1894	1885	230.667100415	0.78
NM_173263	1471	1443	274.264086896	0.83
NM_214714	2273	2267	236.785584298	0.82
NM_001040375	927	918	268.865689297	0.8
NM_131368	2562	2468	107.380877484	0.8
NM_212818	1632	1620	1746.66169643	0.79
NM_213182	1676	1628	162.664820067	0.78
NM_201496	2160	2122	138.286013592	0.83
NM_001003449	1713	1540	116.010094084	0.8
NM_001003538	988	949	100.07558742	0.79
NM_200220	2081	1946	155.788366186	0.82
NM_201336	2817	2789	424.504381284	0.84
NM_212880	2206	2136	112.597533572	0.83
NM_199760	653	614	181.429957031	0.75
NM_001007158	961	893	100.94210356	0.76
NM_213113	524	512	254.610237265	0.78
NM_001082551	5347	4953	105.611454875	0.79
NM_213124	1505	1432	407.035865635	0.78
NM_001083544	548	532	210.11747317	0.77
NM_131757	3009	2964	107.984648998	0.81
NM_001256193	1325	1300	180.391412632	0.77
NM_213350	1326	1316	157.789146659	0.77
NM_131382	1726	1691	139.07001234	0.76
NM_200322	1385	1284	111.273968374	0.69
NM_200949	1869	1864	258.369008415	0.8
NM_001346309	2477	2397	109.352552965	0.8
NM_201305	3465	3441	169.488978369	0.81
NM_200010	1237	1215	146.665339789	0.8
NM_131508	1016	976	112.706799838	0.83
NM_183072	3116	2967	222.120473272	0.8
NM_201050	1959	1939	221.786175125	0.78
NM_201475	1685	1669	272.391479628	0.8
NM_001006005	498	492	210.653691152	0.8
NM_199863	2172	2153	143.354660409	0.75
NM_212581	3212	3144	134.472035133	0.8
NM_001040351	3343	3141	121.247923532	0.82
NM_199278	1687	1635	135.482555578	0.82
NM_199545	2659	2575	101.662519669	0.79
NM_131664	2006	1986	101.148005553	0.81
NM_212612	2529	2215	164.057676884	0.8
NM_131252	2569	2442	130.120261268	0.82
NM_201141	184	180	128.836477432	0.78
NM_183069	1801	1781	116.997523308	0.83
NM_001076569	1891	1866	116.275873084	0.83
NM_200993	2423	2409	217.358135909	0.84
NM_001002521	960	947	206.308170244	0.84
NM_200190	1637	1595	141.172808545	0.81
NM_200115	1931	1731	123.922162004	0.83
NM_212766	2522	1415	130.942834569	0.86
NM_001326532	2345	2264	159.972798289	0.83
NM_200650	2313	2234	453.011040586	0.8
NM_199723	2044	2028	176.640314186	0.84
NM_214773	1667	1651	679.21241878	0.86
NM_199855	1873	1852	105.560823771	0.83
NM_212597	953	918	228.103531581	0.83
NM_201075	2837	2833	120.437564327	0.79
NM_194394	1014	1002	164.130957325	0.83
NM_001127333	2139	2130	284.363414869	0.82
NM_213079	1728	1724	425.051182177	0.82
NM_001002540	1536	1495	125.618182065	0.85
NM_001277446	6296	5933	116.857674871	0.82
NM_001040380	2222	2148	110.671330497	0.8
NM_001006019	1571	1529	160.783130828	0.8
NM_200008	762	760	565.313882359	0.8
NM_213435	1901	1838	124.095381953	0.84
NM_131213	2019	1954	123.37718967	0.76
NM_212628	1695	1683	172.716976684	0.78
NM_001135579	1221	1189	108.034240838	0.81
NM_001044993	2166	2130	136.076685832	0.81
NM_201056	713	700	118.283698286	0.81
NM_001002139	610	606	820.77863032	0.85
NM_001258317	1001	986	138.795001711	0.82
NM_213019	1049	905	214.632486186	0.83
NM_001281721	1433	1433	1462.5536869	0.85
NM_212832	2205	2131	209.674460296	0.85
NM_001002606	1391	1105	176.572907059	0.8
NM_199549	2669	2540	121.457424473	0.81
NM_212641	1956	1938	123.324093831	0.78
NM_001079703	1422	1398	125.464541342	0.79
NM_001017699	777	765	177.929687032	0.78
NM_212952	393	384	235.989605428	0.87
NM_001199720	2183	2116	145.821874778	0.82
NM_001327745	2576	2560	478.579681181	0.84
NM_201468	1862	1837	392.86861854	0.79
NM_131187	1662	1590	118.026450883	0.82
NM_001006016	1652	1586	103.036102628	0.81
NM_001113800	1290	1118	163.885457743	0.83
NM_200917	1752	1718	101.435948557	0.78
NM_001031671	1213	1014	188.156790604	0.78
NM_212632	2072	1794	239.424829593	0.83
NM_173251	890	882	460.632433391	0.8
NM_131331	1327	1272	155.104894142	0.79
NM_199952	1472	1430	129.573266905	0.82
NM_001105588	2100	2033	150.223940736	0.81
NM_213092	1589	1584	787.092232509	0.8
NM_001198751	711	488	697.903066108	0.81
NM_001037113	490	462	103.635147672	0.82
NM_198911	2905	2865	155.366752104	0.84
NM_001256179	1270	1230	103.392301201	0.78
NM_001002525	1577	1544	217.923679704	0.87
NM_194373	2095	2056	100.486353821	0.78
NM_201043	1067	1038	247.344599162	0.79
NM_001003434	357	315	369.834217871	0.88
NM_001003730	1436	1415	130.582188102	0.83
NM_001013538	3493	3290	104.509961252	0.83
NM_001080753	912	898	152.441213154	0.82
NM_213366	2072	2027	112.570567305	0.76
NM_199763	3910	3813	112.22855292	0.84
NM_213383	1824	1781	156.807670864	0.8
NM_001003868	590	577	163.077602669	0.76
NM_131404	1466	1402	487.33804048	0.85
NM_001017993	2144	2065	105.354609938	0.79
NM_001100070	893	869	992.228403359	0.84
NM_205558	1625	1608	142.306678088	0.78
NM_001256780	2608	2549	394.419048289	0.87
NM_181559	1968	1947	174.032399779	0.82
NM_001305588	928	866	113.361617606	0.8
NM_200431	2094	1997	246.395901763	0.77
NM_213486	1795	1767	128.53023901	0.82
NM_212675	1290	1281	207.746161594	0.82
NM_001102392	571	565	140.996131887	0.82
NM_001077250	1996	1966	174.724344241	0.85
NM_199548	1566	1543	290.01128253	0.87
NM_001002698	998	963	129.518482895	0.84
NM_001077599	2818	2791	106.794724315	0.84
NM_001044779	1182	1155	511.522002254	0.86
NM_131456	3732	3704	161.861272518	0.86
NM_001171067	3834	1883	106.839766511	0.85
NM_181601	1767	1763	678.530194048	0.79
NM_213377	570	566	819.957546564	0.87
NM_001040052	1228	433	153.609156292	0.89
NM_201065	1326	1304	136.971903251	0.84
NM_212709	1904	1900	290.313873571	0.84
NM_200179	1976	1947	156.105020313	0.83
NM_201010	1360	1344	159.662207627	0.79
NM_001122749	4702	4646	120.761697562	0.79
NM_200921	1692	1434	142.816840441	0.87
NM_200298	785	768	904.099472347	0.85
NM_212940	3136	3106	155.248563521	0.82
NM_001005937	2939	2917	245.591508767	0.84
NM_200125	1594	1528	197.718596184	0.86
NM_001110121	508	503	627.239093216	0.87
NM_201577	2524	2478	154.024710083	0.73
NM_214699	1423	1202	234.944366121	0.84
NM_213302	1639	1637	1424.22595028	0.82
NM_001080605	3471	3431	113.753874606	0.8
NM_200743	1036	1021	167.84274835	0.73
NM_131444	1040	1039	1020.66060861	0.85
NM_001002484	1091	1086	128.298876669	0.77
NM_001002082	950	930	271.86755687	0.83
NM_001007153	1209	1198	224.155017986	0.85
NM_001080034	1078	1028	103.301921291	0.8
NM_213185	1250	1238	301.052882448	0.84
NM_213068	2654	2647	235.074364561	0.85
NM_199956	2049	2043	304.164526558	0.79
NM_213180	1506	1502	1025.85908456	0.86
NM_001008618	2180	1995	104.741308354	0.82
NM_001005931	2331	2312	164.917444567	0.76
NM_200177	1899	1890	158.245203529	0.82
NM_001130192	3149	3128	469.822064915	0.88
NM_199799	1813	1767	134.234777582	0.78
NM_001002465	1193	1112	120.66518991	0.77
NM_001001944	4039	3815	194.367002457	0.82
NM_001145694	1937	1873	124.603970902	0.82
NM_001012316	494	490	328.49844864	0.85
NM_001033746	1944	1919	118.947451587	0.81
NM_130939	1435	1434	1334.14584875	0.82
NM_200034	781	778	506.169887109	0.84
NM_001007375	881	855	501.615586274	0.82
NM_212659	2024	1978	131.834204343	0.81
NM_001003844	919	812	178.284469608	0.83
NM_213160	2310	2224	100.999494856	0.78
NM_001200015	1903	1756	119.207756204	0.82
NM_001199367	1107	1103	428.616010024	0.84
NM_212932	1336	1333	348.252305504	0.84
NM_001328161	4268	4100	105.233289235	0.94
NM_198356	3253	3016	109.863372597	0.81
NM_200086	1012	1012	942.995429296	0.83
NM_199591	1983	1968	158.797360864	0.8
NM_001114710	1397	1301	104.943592589	0.79
NM_131230	1880	1866	134.49632859	0.81
NM_001002495	436	377	137.478397639	0.86
NM_001005941	1106	1083	202.091235382	0.83
NM_200713	813	799	224.933231044	0.86
NM_001110388	538	509	340.054690057	0.86
NM_001102634	544	499	326.192991826	0.86
NM_213002	1422	1410	282.228987174	0.81
NM_001080196	2669	2640	138.144191957	0.81
NM_199518	2000	1294	102.656869528	0.81
NM_200386	1221	1181	237.869649414	0.86
NM_001126422	735	635	151.531078991	0.76
NM_001037691	926	766	219.89996432	0.82
NM_130941	4366	4358	270.260674796	0.85
NM_201177	964	954	148.423027276	0.8
NM_199725	632	609	142.825989342	0.81
NM_201501	2246	2134	107.996068305	0.75
NM_001024735	1269	1256	185.577580115	0.74
NM_001002072	1163	1099	132.177290752	0.75
NM_200745	852	785	191.231843731	0.85
NM_200720	900	867	373.070957628	0.86
NM_200137	1677	1641	118.750357897	0.81
NM_001024399	989	969	195.94255047	0.84
NM_198805	3777	3724	187.620422097	0.78
NM_213204	482	477	1091.97038438	0.82
NM_200066	1645	1637	234.224799249	0.83
NM_200216	1783	1507	102.874948432	0.78
NM_131775	1163	1143	125.155496519	0.83
NM_001003439	1097	1044	105.502340583	0.79
NM_178294	966	944	313.5686889	0.79
NM_199980	1802	1764	129.167083506	0.77
NM_001003429	771	758	245.008064386	0.83
NM_212676	1015	998	199.614048133	0.82
NM_001007351	1001	912	105.763514077	0.83
NM_001312882	1918	1865	206.199102484	0.78
NM_001160409	1279	1127	123.765959087	0.83
NM_214768	3311	3291	147.02515306	0.83
NM_200860	1037	1011	143.979454708	0.81
NM_001123279	1871	1841	136.635469708	0.8
NM_199535	768	758	692.549248285	0.81
NM_199640	2424	2413	213.804214578	0.81
NM_001033595	4350	4281	331.670637493	0.87
NM_001003532	1764	1688	197.281604702	0.8
NM_001033741	841	792	159.973080619	0.79
NM_213107	1258	1250	188.05289311	0.84
NM_001270540	1921	1861	122.960974156	0.8
NM_213151	1397	1347	102.309543792	0.8
NM_001003564	805	767	108.188738307	0.79
NM_201031	1453	1323	114.383380708	0.79
NM_001102676	5182	5055	159.662442051	0.83
NM_001302634	1322	921	233.683866995	0.83
NM_001326707	1301	1192	113.900885205	0.79
NM_001002527	968	683	336.537918209	0.86
NM_199734	1635	1614	210.37393647	0.78
NM_001045848	1378	1333	156.087181653	0.83
NM_001017565	1107	1085	119.525392777	0.76
NM_212681	1104	1094	127.296783284	0.77
NM_001004652	514	497	363.166372458	0.83
NM_001256190	1048	972	464.397235142	0.85
NM_001077535	2030	2028	320.664506085	0.82
NM_201298	2030	2004	267.574146079	0.83
NM_212615	1918	1913	211.131431887	0.79
NM_181757	1865	1791	108.335385501	0.79
NM_212586	3074	3008	158.173753966	0.79
NM_201315	2419	2384	248.648813158	0.83
NM_199943	2649	2621	132.066059871	0.78
NM_200302	1501	1497	367.110392241	0.85
NM_001020749	1069	1052	187.963973367	0.83
NM_001079805	1560	1532	146.48038356	0.82
NM_001002106	1038	1037	820.662538579	0.83
NM_001037667	6656	6353	135.799491835	0.85
NM_205560	1988	1863	108.053712334	0.79
NM_001004601	3178	3148	208.850894821	0.8
NM_001037424	1074	1072	527.113579189	0.81
NM_200096	1729	1727	382.568646259	0.85
NM_001044950	994	979	139.521361405	0.81
NM_131442	1356	1317	140.425824677	0.78
NM_001003418	747	733	160.495602732	0.84
NM_001002203	755	747	232.305635405	0.83
NM_001111175	1214	1194	134.724245521	0.81
NM_213034	513	351	586.602400682	0.81
NM_201318	1400	1398	474.455508675	0.76
NM_001017863	937	917	136.33955604	0.79
NM_214707	2486	2470	164.756349437	0.82
NM_131309	1418	1195	430.351628181	0.87
NM_200046	629	462	460.421326848	0.83
NM_001105526	393	387	374.114348472	0.9
NM_213178	1954	1951	480.804641793	0.8
NM_001080571	2212	2184	101.147133533	0.78
NM_001110386	542	517	163.098749997	0.89
NM_197934	2550	2505	140.492627391	0.82
NR_145818	2099	1866	3602.53774915	0.8
NM_001002152	1741	1609	101.345668623	0.75
NM_001007372	974	963	159.704050489	0.85
NM_001002677	1296	1219	540.18594806	0.81
NM_199686	3328	3258	114.666471127	0.82
NM_207071	1695	1676	112.546727226	0.82
NM_001102629	1594	1435	111.48882957	0.83
NM_001002161	1928	1913	107.181118341	0.78
NM_213464	2597	2577	101.286919171	0.77
NM_200550	1782	1677	134.605228845	0.83
NM_001080087	1141	1097	134.313928282	0.82
NM_001029972	1536	1531	145.802841092	0.82
NM_001145359	1212	1144	100.968248	0.84
NM_131760	1239	1190	155.255694909	0.81
NM_197937	499	492	565.942425511	0.87
NM_001161599	1896	1884	315.965323577	0.86
NM_001013300	2429	2422	334.024820791	0.85
NM_001001889	2350	2336	170.196197971	0.79
NM_131240	2447	2428	117.630303985	0.77
NM_001045276	2510	2465	129.173490539	0.82
NM_213434	3998	3846	125.009192488	0.8
NM_153669	2212	2200	246.186880964	0.84
NM_131059	3350	3327	205.861377609	0.81
NM_213446	2005	1938	118.466418354	0.83
NM_212708	2973	2970	669.743572165	0.83
NM_001002448	1520	1489	143.072080182	0.82
NM_212909	1162	1159	1328.41676805	0.82
NM_001002079	503	501	451.77031606	0.84
NM_213294	1525	1488	188.920862087	0.82
NM_001002559	1858	1835	134.815069755	0.82
NM_131801	2124	2106	139.046226437	0.79
NM_200809	1096	389	365.29948177	0.98
NM_199727	2361	2006	275.760490549	0.98
NM_001002557	975	872	141.315030379	0.83
NM_001040004	2042	1974	108.666872569	0.83
NM_001002081	568	565	396.974533196	0.75
NM_001002688	2438	2398	139.2357625	0.73
NM_205689	1543	1533	138.902829158	0.8
NM_213176	2872	2824	129.607621857	0.81
NM_201343	1686	1648	131.31700738	0.8
NM_001002104	1581	1564	120.841315709	0.77
NM_201194	2282	2257	182.667119575	0.86
NM_001081747	1861	1797	139.282699089	0.78
NM_001003758	1471	1446	180.34139736	0.84
NM_173253	4213	4052	115.240872135	0.77
NM_001080806	7312	5637	126.897315729	0.8
NM_001014343	2029	1983	234.23834931	0.81
NM_131696	1734	1708	147.365789614	0.85
NM_213535	1851	1810	144.884110739	0.83
NM_001327845	953	915	288.146512139	0.84
NM_199825	965	930	157.372498552	0.8
NM_131220	1791	1787	317.038753187	0.85
NM_001243178	360	325	403.65658101	0.85
NM_199576	2107	2093	230.288252049	0.83
NM_214817	1907	1889	168.408942111	0.78
NM_212994	2227	2151	109.993340097	0.79
NM_001256205	3476	3398	126.46805481	0.81
NM_001002050	1276	1093	168.450092585	0.83
NM_001130597	765	727	107.015700973	0.76
NM_177479	912	909	233.423435554	0.78
NM_200517	1375	1339	115.105476681	0.8
NM_001159825	533	462	146.399774521	0.84
NM_001013552	1015	897	170.558730101	0.8
NM_198872	2941	2925	121.683951061	0.78
NM_201087	3796	3779	192.003212219	0.83
NM_001320404	2510	2442	121.303852453	0.82
NM_200446	2044	2030	171.344608699	0.83
NM_001199675	1110	1067	143.207734233	0.83
NM_001025471	1825	1776	138.51791421	0.82
NM_201477	1088	1083	285.276678517	0.78
NM_173252	721	579	196.273784996	0.75
NM_001002317	629	613	118.5076497	0.77
NM_212605	1994	1780	190.858472772	0.85
NM_201117	1162	1132	111.263657946	0.8
NM_001017764	2229	2206	120.653592705	0.8
NM_001008732	2434	2343	156.20390467	0.83
NM_001004665	755	639	168.696958922	0.79
NM_213053	2688	2652	251.283742075	0.78
NM_200808	527	508	130.556491238	0.83
NM_001003890	2344	2335	612.920448966	0.79
NM_001256729	1792	1777	191.284858151	0.84
NM_199574	1813	1803	234.348516679	0.83
NM_194398	1339	1334	229.431177838	0.84
NM_001111168	1945	1914	217.877176279	0.8
NM_200525	502	489	213.309401762	0.92
NM_173235	635	533	439.705598722	0.82
NM_200094	2754	2728	250.404013843	0.87
NM_200047	832	829	462.273301133	0.86
NM_001077378	2168	2117	147.196748465	0.79
NM_001110126	1521	1511	364.090797535	0.8
NM_001328507	1428	1356	110.865944734	0.83
NM_201112	1531	1477	265.898635248	0.87
NM_001013459	1299	1241	149.87925844	0.8
NM_001017874	1045	1034	287.381891441	0.85
NM_199963	1953	1949	179.638406444	0.85
NM_001025533	2603	2527	163.802151485	0.82
NM_001003861	634	630	425.327044151	0.89
NM_194408	2698	2675	109.094622694	0.84
NM_200510	2353	2326	129.053660903	0.81
NM_130912	2296	2233	153.428697855	0.84
NM_001077738	2536	2489	101.341390304	0.81
NM_212757	1834	1741	208.47759085	0.85
NM_199772	1594	1583	144.966239588	0.79
NM_131620	1430	1418	245.357927323	0.8
NM_212828	1860	1834	147.658869151	0.85
NM_001045485	2328	2308	137.360651167	0.81
NM_131599	1227	973	245.8958791	0.83
NM_001083867	1701	1628	105.226692086	0.81
NM_001007450	2019	1922	123.715787706	0.79
NM_199481	1939	1936	891.138924576	0.82
NM_001160335	1296	582	118.01484785	0.84
NM_001110403	2335	2334	1770.92448925	0.83
NM_213216	1731	1606	102.061761317	0.93
NM_131247	1497	1478	328.175999576	0.82
NM_152973	2095	2081	163.310654325	0.81
NM_001159911	659	624	156.465088483	0.85
NM_131390	2996	2968	163.391736513	0.84
NM_199933	3311	3225	138.990176768	0.82
NM_198210	2720	2700	147.412583971	0.81
NM_001100438	737	632	100.355154616	0.86
NM_001076732	519	517	351.619862942	0.84
NM_001003875	2443	2386	109.625370377	0.82
NM_213001	2776	2681	107.102566695	0.81
NM_200813	1767	1727	138.299947649	0.76
NM_001024407	769	758	227.839057061	0.85
NM_212891	1624	1596	103.024881062	0.8
NM_200107	1423	1414	399.510411555	0.83
NM_001080033	1298	1200	115.217505059	0.81
NM_001327754	2519	2405	140.410534708	0.86
NM_001044809	4571	4525	170.364653974	0.81
NM_200495	1495	1493	333.22708696	0.75
NM_199559	2198	2071	121.174305029	0.83
NM_001002073	1238	1181	181.381932766	0.77
NM_214721	859	826	254.46216817	0.86
NM_200974	1246	1214	178.697410459	0.8
NM_001039985	1602	603	213.348128044	0.88
NM_001288658	2035	2001	133.525717337	0.8
NM_199756	1039	1007	111.756836974	0.83
NM_200774	1411	1395	160.20577511	0.78
NM_001083028	2853	2830	193.314014282	0.82
NM_001003623	2252	2214	105.221751251	0.76
NM_001079974	2913	2567	158.117711631	0.86
NM_001077716	2924	2812	157.251357481	0.85
NM_001126418	1030	995	108.452041766	0.84
NM_001326708	1284	1216	120.390536341	0.79
NM_200977	1154	1127	118.549095921	0.81
NM_001002433	1124	1077	100.626736981	0.78
NM_001326706	1360	1193	109.289857579	0.79
NM_213334	944	938	253.777570595	0.82
NM_205709	1157	1064	125.384071484	0.77
NM_001110404	1945	1865	106.255473804	0.78
NM_201078	1493	1456	221.863859492	0.84
NM_213663	1657	1625	145.097334863	0.86
NM_201483	2936	2931	257.043236409	0.85
NM_200621	3430	3366	154.387984666	0.81
NM_001037386	2280	2171	164.607677044	0.78
NM_001110022	2604	2475	108.865214713	0.81
NM_200502	613	610	467.231552582	0.87
NM_205541	1833	1768	171.824678242	0.69
NM_001007384	1474	1413	114.840181656	0.82
NM_001025516	1563	1553	100.48367524	0.81
NM_213013	986	984	378.129127774	0.83
NM_213181	1884	1753	144.363435876	0.81
NM_199845	1826	1810	169.95463499	0.84
NM_001103116	1209	960	168.58421553	0.75
NM_199653	2168	2160	139.99615112	0.8
NM_213168	2419	2356	160.155847628	0.8
NM_201185	1255	1234	165.558759251	0.8
NM_001024409	1233	1222	914.499610439	0.84
NM_213442	3138	3113	119.545221155	0.82
NM_131734	904	883	605.886503825	0.81
NM_001020523	1307	1296	173.301470205	0.85
NM_213466	1532	1528	440.833625213	0.84
NM_001100406	1393	1374	146.006933354	0.81
NM_131513	1495	1495	1785.2464919	0.83
NM_212833	990	979	792.547266325	0.84
NM_001103194	1392	1004	118.392314528	0.8
NM_001105277	2672	2639	165.951702021	0.79
NM_200257	3057	2993	114.425548725	0.82
NM_201101	887	886	1081.48781434	0.82
NM_198804	1162	1139	106.761572543	0.78
NM_213278	2414	2309	104.390754348	0.82
NM_194397	1204	732	128.631577836	0.84
NM_214696	2658	2644	846.746778276	0.85
NM_001040043	498	495	902.63791674	0.82
NM_213382	1769	1766	353.46544423	0.85
NM_205590	943	887	121.077891513	0.79
NM_001006013	770	737	191.680349846	0.81
NM_199432	2083	2079	208.073931896	0.83
NM_001002703	931	867	193.817888111	0.81
NM_001017632	1861	1857	257.022468572	0.81
NM_213379	2414	2304	112.654184347	0.84
NM_131686	3477	3463	191.666708686	0.82
NM_200959	1797	1785	244.034004782	0.83
NM_214723	1488	1422	127.84384723	0.8
NM_001030277	4308	4216	113.445716781	0.8
NM_178290	1341	1268	167.856060068	0.82
NM_212595	2011	1991	255.616918082	0.84
NM_001099995	552	540	119.496854286	0.84
NM_201492	2157	2151	239.047813876	0.82
NM_200752	630	628	601.668073807	0.83
NM_200504	1868	1736	122.348577207	0.77
NM_199932	2022	2017	192.340944921	0.81
NM_130922	2069	2063	555.92112389	0.86
NM_199925	1383	1375	245.934176478	0.84
NM_001002078	399	363	512.74251257	0.78
NM_001111176	2020	1793	140.742514509	0.86
NM_200219	618	600	162.135361035	0.77
NM_213386	2179	2148	125.403897277	0.76
NM_201192	2166	2162	369.395254081	0.84
NM_180965	852	852	2225.30401783	0.8
NM_001118896	1966	1895	104.822564823	0.81
NM_001017994	1879	1740	129.389017034	0.81
NM_001145554	4414	4128	111.612379277	0.76
NM_200696	785	778	185.363407624	0.8
NM_213208	687	680	432.498315476	0.84
NM_001007055	1328	1323	168.90060538	0.8
NM_198806	2485	2469	276.65158398	0.84
NM_213014	1822	1818	210.916688969	0.77
NM_200769	606	447	166.061714082	0.81
NM_001014303	1968	1858	107.593181601	0.79
NM_001002378	887	885	424.337231403	0.87
NM_213197	1918	1896	107.619372589	0.79
NM_212775	1695	1664	106.824664433	0.79
NM_001025530	1320	1268	102.741343894	0.8
NM_001014289	3974	3952	207.622348995	0.86
NM_199562	1746	1730	194.130969714	0.78
NM_201062	1892	1879	182.016275206	0.82
NM_001025503	1688	1672	294.6631492	0.88
NM_213277	2437	2426	224.819878711	0.76
NM_200467	1846	1812	110.776192083	0.8
NM_001089351	631	556	606.262448725	0.86
NM_001281985	1215	1185	139.367076838	0.83
NM_001004675	823	788	115.953524014	0.81
NM_001172637	405	370	135.482182893	0.82
NM_001013443	4163	3976	201.841956147	0.83
NM_001077603	3283	3046	163.503092156	0.82
NM_200089	4068	3955	125.218776548	0.86
NM_001080015	3658	3539	129.277885477	0.84
NM_001003756	989	968	125.46747633	0.82
NM_001320425	2084	2049	150.679678815	0.79
NM_213514	2079	1910	704.484049322	0.98
NM_131112	2386	2369	482.395215088	0.83
NM_200801	1181	1153	130.926840942	0.84
NM_001004641	1029	1019	187.301522032	0.82
NM_200069	2277	2264	118.792397416	0.75
NM_200259	1808	1779	131.011644484	0.8
NM_131455	2783	2747	276.075853817	0.84
NR_029421	322	87	195.175533021	0.94
NM_199711	2891	2626	104.622294989	0.83
NM_200911	1640	1602	156.548848588	0.85
NM_001004677	854	820	145.910953597	0.83
NM_199575	2146	2090	264.056429214	0.81
NM_200660	1242	1224	121.425605868	0.82
NM_213370	1821	1807	180.768072204	0.81
NM_200023	654	622	160.084194184	0.83
NM_001045049	1708	1688	323.456793217	0.76
NM_001044756	2636	2542	105.188695599	0.76
NM_001110414	1505	1494	295.204824173	0.82
NM_205613	901	896	474.490864724	0.86
NM_001003888	644	637	158.067764331	0.8
NM_198922	2543	2514	150.972023073	0.8
NM_200182	2697	2689	306.427551506	0.87
NM_001114887	870	796	115.756071153	0.7
NM_199602	1906	1894	142.484733455	0.86
NM_200056	904	897	283.957273906	0.81
NM_001017637	1944	1846	181.757254001	0.85
NM_214811	2239	2209	196.275907241	0.79
NM_131337	2643	2598	157.379329067	0.83
NM_001003863	2277	2214	132.978133895	0.84
NM_212953	298	296	690.611552329	0.91
NM_205668	1493	1486	171.11803772	0.82
NM_131031	1672	1637	115.125515996	0.82
NM_001199737	2076	2033	163.778591653	0.8
NM_130925	1985	1984	590.861165982	0.78
NM_199914	1523	1481	110.982343187	0.79
NM_001004289	2206	2151	118.724580417	0.84
NM_205562	1110	1103	458.929454827	0.84
NM_213077	5079	5037	188.23540954	0.78
NM_001353934	559	549	4317.94461864	0.82
NM_001328036	7934	4175	1733.17800236	0.99
NM_212566	1185	1174	331.552950055	0.76
NM_001005927	3621	3552	138.507240587	0.84
NM_001039497	1208	1159	144.670454152	0.79
NM_199555	1267	1251	101.081586743	0.8
NM_001128693	2431	2315	209.767386562	0.82
NM_130948	1240	1239	748.275909774	0.81
NM_200533	1158	1139	129.162632111	0.79
NM_198870	2196	2169	328.716190491	0.81
NM_001113596	1641	1611	127.904327397	0.8
NM_212587	1840	1838	468.923799803	0.81
NM_001002486	304	304	737.082124293	0.88
NM_200261	2924	2778	131.143689454	0.78
NM_173240	1818	1793	121.98082488	0.8
NM_201584	658	658	1882.88457504	0.87
NM_214793	694	688	288.332515664	0.84
NM_131722	2285	2274	149.803130179	0.83
NM_201324	2071	2046	100.439233932	0.8
NM_201052	1066	1059	218.535968699	0.77
NM_205650	1236	1220	111.154911411	0.8
NM_212584	1391	1390	1104.51015602	0.8
NM_001003731	915	899	259.083379316	0.86
NM_199843	2780	2747	143.379012513	0.8
NM_212703	3846	3780	131.642434824	0.81
NM_213298	1609	1579	221.194128049	0.82
NM_001002069	344	338	529.742319108	0.85
NM_199719	1526	1521	294.115798918	0.84
NM_198143	657	657	351.018891568	0.79
NM_152972	2976	2935	240.815776343	0.82
NM_001006022	1281	1264	167.303990228	0.82
NM_173248	2072	2018	112.014198401	0.82
NM_131351	1260	1237	258.826551862	0.77
NM_001159528	565	550	375.385382188	0.88
NM_200184	1547	1502	118.860898205	0.8
NM_198908	3473	3441	118.575791756	0.79
NM_001025536	2800	2725	164.91244812	0.76
NM_212697	1759	1722	118.119523081	0.93
NM_001201442	683	616	349.313266021	0.87
NM_001013272	2053	1946	183.520647939	0.75
NM_001328559	2598	1799	220.022774225	0.84
NM_213339	1528	1274	102.9325158	0.8
NM_213317	2315	1851	601.928697383	0.84
NM_200852	722	719	683.14595027	0.88
NM_001025472	2588	2572	129.303062817	0.8
NM_001083546	4423	4313	116.849323995	0.85
NM_001045562	1826	1768	119.395211289	0.83
NM_212589	1828	1785	129.407143619	0.81
NM_199636	728	725	340.533449525	0.82
NM_199708	2037	2029	572.229208156	0.82
NM_001005769	1842	1825	202.423537347	0.74
NM_173237	1733	1707	119.690538999	0.82
NM_001105596	685	663	163.706590572	0.78
NM_001002867	8579	7631	108.661570138	0.75
NM_200458	2810	2806	853.16196802	0.82
NM_001001399	1042	999	295.58870051	0.84
NM_200742	412	390	130.966062979	0.73
NM_001008603	1538	1484	127.248478417	0.82
NM_201467	1977	1964	156.755773191	0.81
NM_001017896	893	874	215.005520217	0.84
NM_001005589	851	846	235.116499033	0.82
NM_001076591	1014	999	129.672505391	0.81
NM_001017593	1279	1245	1069.87318143	0.81
NM_001002505	686	668	175.422975958	0.83
NM_001002121	2041	2038	202.628747039	0.79
NM_001003414	1644	1622	222.405578293	0.85
NM_173835	1772	1691	144.478695183	0.79
NM_001089371	1328	1315	139.438822847	0.75
NM_001024395	1099	1078	143.670096625	0.79
NM_153659	2575	2534	102.951106235	0.79
NM_001044754	1503	1493	406.846367848	0.87
NM_201331	1547	1493	141.169891462	0.83
NM_001002604	1704	1376	137.783335328	0.76
NM_001328190	3336	3163	123.389474403	0.74
NM_001351701	2205	1788	405.835315297	0.83
NM_001044324	3798	3780	171.614532206	0.81
NM_001309644	1435	1389	598.033482607	0.84
NM_001172570	2593	2577	127.768108458	0.78
NM_200881	1996	1959	196.002377896	0.79
NM_001013536	1099	1076	355.90151925	0.81
NM_213067	2302	2294	150.719901481	0.78
NM_200961	1367	1338	118.253001026	0.74
NM_131069	2357	2351	283.815117394	0.85
NM_201500	2311	2286	132.723384591	0.84
NM_001142954	1763	1662	131.054912724	0.85
NM_001271817	931	908	359.002274625	0.8
NR_138548	701	637	216.056856876	0.78
NM_199769	1960	1943	125.197028678	0.8
NM_001082837	2181	2119	154.12629168	0.79
NM_199850	1154	1129	108.406385824	0.8
NM_001351700	2305	1895	424.07674184	0.82
NM_201099	1899	1857	109.292202945	0.81
NM_200304	1822	1805	218.901532591	0.78
NM_001002419	2672	2651	131.91891286	0.84
NM_213351	1541	1534	275.367556905	0.8
NM_001080046	2561	2457	100.014649696	0.77
NM_213722	1391	1381	222.108788667	0.82
NM_001007335	1902	1887	135.190014789	0.8
NM_212569	2189	2083	161.797423528	0.8
NM_001009990	1994	1923	108.647277122	0.78
NM_001077330	778	770	109.747658677	0.77
NM_001044902	1913	1883	206.149616517	0.82
NM_213028	696	693	318.315013396	0.83
NM_001080695	1195	1132	144.417675291	0.77
NM_200059	1469	872	297.12119008	0.81
NM_001001593	537	521	654.478762056	0.83
NM_212630	2077	2062	260.140135265	0.85
NM_212735	2658	2586	153.946594893	0.8
NM_131710	2418	1695	161.82315096	0.82
NM_199996	1431	1178	315.744266961	0.82
NM_001105599	1365	1351	245.710013766	0.81
NM_213165	1693	1656	140.712035531	0.79
NM_001002068	805	803	552.166653038	0.81
NM_213364	2853	2847	501.504273952	0.79
NM_001020774	3642	3517	123.534057167	0.79
NM_001076556	1931	1835	154.205972812	0.78
NM_173247	1264	1264	1349.93095819	0.85
NM_001025535	1024	946	103.582561723	0.76
NM_001001819	490	486	344.901463044	0.84
NM_001115114	1300	1287	218.417002881	0.83
NM_199755	1780	1768	172.969194639	0.79
NM_201153	832	827	273.83107959	0.87
NM_001025453	1464	1233	115.756018316	0.83
NM_214774	1990	1865	102.705141236	0.77
NM_213000	1716	1690	117.916461451	0.75
NM_001030239	2705	2684	179.707891277	0.79
NM_201004	538	514	103.552587229	0.75
NM_213062	4111	3963	107.131729454	0.82
NM_200607	1909	1847	121.486136074	0.81
NM_199623	2532	2503	190.876289938	0.81
NM_213331	1267	1255	141.883756478	0.79
NM_201094	1303	1278	103.399349938	0.8
NM_001003437	962	946	101.555368898	0.78
NM_001080751	1766	1739	117.562345807	0.79
NM_152961	746	710	108.381130636	0.83
NM_201579	1950	1824	386.339535916	0.82
NM_001003944	909	872	104.748853751	0.78
NM_205673	1403	1379	413.381933002	0.8
NM_001309525	2542	2229	162.758686503	0.79
NM_001003447	678	674	362.324536416	0.87
NM_001013345	888	883	311.000898278	0.82
NM_001161487	585	537	190.04415792	0.8
NM_214706	1706	1686	256.655177892	0.81
NM_001290080	3280	3045	308.25705227	0.8
NM_199669	1459	1451	247.667273964	0.79
NM_173234	483	482	635.068875406	0.85
NM_212763	1372	1354	101.392786648	0.82
NM_001045552	2190	2169	121.75939941	0.78
NM_001002519	1060	1036	112.964087641	0.81
NM_001007774	1090	1072	162.981347499	0.82
NM_131714	3483	3363	105.445974304	0.76
NM_212572	1919	1896	198.78493572	0.85
NM_001089408	1642	1603	107.540060024	0.82
NM_212937	1764	1760	340.753020176	0.83
NM_199811	2421	2384	152.420132538	0.8
NM_001243037	635	619	327.272818281	0.87
NM_200766	1140	1118	232.09584221	0.82
NM_212803	2808	2769	134.542166846	0.76
NM_199779	2398	2301	152.171174219	0.83
NM_001111162	2367	2326	124.199909192	0.83
NM_213104	2249	2149	204.416051853	0.81
NM_213406	1601	1573	184.777443394	0.82
NM_199480	2006	1961	190.62574668	0.82
NM_181330	2728	2589	116.937046813	0.83
NM_001114425	1983	1941	112.069663185	0.84
NM_001013573	2294	2241	112.11786816	0.76
NM_214783	1935	1910	146.293764681	0.79
NM_001002864	1690	1673	135.468794406	0.79
NM_001111207	2027	1980	116.569000615	0.83
NM_001007361	1550	1518	167.527682889	0.79
NM_001018165	3163	3152	142.172014608	0.82
NM_194417	2696	2468	108.39835854	0.76
NM_001077323	2565	2519	116.380169485	0.81
NM_001199436	4653	4576	210.165493269	0.78
NM_212692	2280	2226	120.4206614	0.78
NM_001002160	1522	1492	143.289084933	0.82
NM_201460	2889	2834	154.710767508	0.8
NM_199757	451	425	103.335409715	0.79
NM_201060	620	616	585.035327784	0.84
NM_213493	1980	1974	197.59494152	0.83
NM_212985	1619	1609	170.925365158	0.8
NM_001080054	2651	2634	238.314779974	0.84
NM_173249	703	688	201.651815467	0.82
NM_001327744	3460	482	110.15000968	0.97
NM_131572	903	898	193.452841672	0.76
NM_200171	1702	1675	339.18716538	0.85
NM_200068	3044	3034	141.796453989	0.79
NM_001089525	3846	3693	176.028834278	0.82
NM_201303	3213	3169	159.414871064	0.79
NM_213250	3048	3024	179.956583851	0.77
NM_001003551	880	854	115.705953952	0.77
NM_001115095	3041	3009	324.814821028	0.81
NM_212993	966	960	178.299689623	0.84
NM_199716	1410	1358	141.646167528	0.81
NM_001313770	853	830	1078.72858396	0.86
NM_001145579	3579	3560	151.199513347	0.81
NM_201217	2259	2165	238.643709217	0.83
NM_001044341	2036	1927	116.5711916	0.82
NM_194374	4303	3944	114.006114815	0.79
NM_199839	2240	2138	307.421835993	0.86
NM_200771	1335	1263	298.221940761	0.82
NM_213536	1947	1903	126.789009716	0.81
NM_199885	3396	3383	109.557040782	0.82
NM_199277	3019	2983	101.739115852	0.82
NM_001080184	1867	1856	283.184017999	0.79
NM_200823	5471	5369	115.669248388	0.84
NM_001089428	3015	2994	249.276277578	0.81
NM_001080176	1395	1391	393.427461184	0.82
NM_198140	1041	1040	1308.21685334	0.87
NM_001024098	2200	2166	134.118584842	0.79
NM_200944	1033	1024	121.66261368	0.76
NM_200544	1425	1383	102.649128375	0.8
NM_213188	2624	2610	323.736493475	0.81
NM_001003548	978	937	128.016344321	0.78
NM_001123007	734	727	211.09095575	0.87
NM_001002211	1406	1391	152.108436992	0.82
NM_001017866	726	639	191.260307771	0.83
NM_001351798	728	661	120.583305337	0.82
NM_001017797	1307	1306	797.493484875	0.84
NM_212635	2442	2399	133.771302814	0.83
NM_213072	1521	1476	210.546306465	0.82
NM_001037677	453	438	140.886031252	0.85
NM_001001590	1354	1294	458.877867856	0.83
NM_213644	826	815	245.758431226	0.84
NM_001303006	1567	1481	135.814416651	0.81
NM_001007168	1086	960	120.818417358	0.77
NM_001017831	1128	1115	187.303517074	0.79
NM_001002440	876	859	107.113536075	0.77
NM_001017752	1868	1858	194.369444779	0.84
NM_001006043	1386	1370	135.482741024	0.77
NM_001003860	687	672	231.165483195	0.77
NM_001002478	640	572	206.696821284	0.81
NM_205667	963	953	784.818781701	0.83
NM_200027	727	727	536.403043714	0.85
NM_199876	1622	1552	107.793838442	0.73
NM_201176	975	947	151.622287147	0.86
NM_001044332	2091	2082	260.848548866	0.84
NM_200078	1580	1300	103.162021606	0.78
NM_001308551	1728	1665	135.266625832	0.79
NM_152949	1899	1898	969.987589467	0.82
NM_131176	1454	1451	512.610072665	0.77
NM_199823	1848	1835	183.696244653	0.79
NM_001282177	500	484	646.908812792	0.85
NM_213530	1628	1620	210.797510813	0.83
NM_213479	1687	1681	379.321826873	0.84
NM_212986	1706	1645	125.131966606	0.83
NM_001020605	737	720	154.937092945	0.81
NM_199595	2595	2567	132.149574551	0.78
NM_213510	2570	1468	367.04017229	0.87
NM_201449	2975	2916	128.030034116	0.83
NM_213293	1692	1686	397.496591887	0.88
NM_200507	1775	1751	116.791177659	0.8
NM_212802	2687	2659	148.519051674	0.81
NM_001003503	1289	1281	172.336033966	0.78
NM_001082830	1131	1093	122.314546659	0.81
NM_201466	2743	2383	111.477632935	0.79
NM_001115117	1974	1951	119.281975864	0.83
NM_199546	1638	1626	337.115996565	0.82
NM_199778	1440	1404	112.336059478	0.81
NM_001110119	553	535	168.273674798	0.88
NM_201005	1653	1577	187.509887025	0.83
NM_001083842	2227	2049	114.433056418	0.82
NM_001024400	608	599	148.705310397	0.82
NM_200258	2133	2113	160.710855773	0.79
NM_001162502	4392	4272	144.366216066	0.75
NM_001045013	3195	3169	138.605972421	0.8
NM_201993	2669	2643	107.766746885	0.81
NM_199588	1289	1134	204.280468277	0.81
NM_001002353	1295	1244	102.358146463	0.78
NM_173224	998	998	788.218745927	0.89
NM_178287	841	689	104.727064148	0.81
NM_001002067	764	732	146.140076222	0.83
NM_001309383	1906	1795	211.097610616	0.84
NM_213157	1702	1690	177.27823897	0.85
NM_200313	4358	838	134.627400145	0.99
NM_001017829	964	952	124.329883017	0.79
NM_199761	1288	1281	366.184871666	0.82
NM_001244839	1213	1169	125.284381711	0.85
NM_001002335	1771	1766	262.745288852	0.82
NM_200975	1284	1239	125.926477455	0.82
NM_001144803	2895	2806	116.486076489	0.79
NM_001256631	2491	2382	203.452205419	0.81
NM_131679	2510	2459	123.55789541	0.82
NM_001289907	2400	2301	158.514472534	0.81
NM_199333	2387	2375	127.800511263	0.78
NM_001004494	2262	2257	242.239718952	0.81
NM_001114406	2982	2957	130.820233747	0.8
NM_131376	1589	1568	229.289867357	0.77
NM_213099	2644	2621	156.792194571	0.79
NM_001328342	1608	1590	235.333143851	0.76
NM_001017766	1563	1413	106.609582886	0.77
NM_001007456	1865	1101	115.342716231	0.84
NM_001172556	1236	1149	109.819901371	0.76
NM_001098480	441	431	187.643960828	0.78
NM_200750	463	463	391.260866534	0.81
NM_199782	2184	2119	723.991061982	0.8
NM_213489	2128	2116	139.658194452	0.82
NM_001083577	3079	3003	126.583406786	0.79
NM_201297	1684	1669	132.685054048	0.8
NM_001309640	3873	3173	166.797010534	0.75
NM_213148	1200	1190	227.342885936	0.81
NM_200303	785	785	1205.12682823	0.83
NM_199569	1523	1480	105.818417705	0.79
NM_001037222	1931	1876	205.672048626	0.81
NM_205537	1272	1255	175.077203007	0.82
NM_200026	515	513	1202.3510991	0.84
NM_001081749	2396	2334	136.653047627	0.8
NM_200896	1087	970	130.684808548	0.74
NM_205718	1980	1922	108.260167093	0.81
NM_200291	1360	1328	107.900676838	0.8
NM_201480	1497	1459	196.057574802	0.79
NM_213214	1843	1829	129.582939949	0.83
NM_001256652	3850	3813	148.249807225	0.85
NM_213428	1125	1115	248.705367045	0.82
NM_001017801	916	905	184.861467182	0.8
NM_001302742	394	371	171.334264335	0.81
NM_001002866	472	469	383.600892133	0.82
NM_201499	1996	1973	111.351444077	0.79
NM_199983	2598	2592	421.523631866	0.81
NM_001007364	1096	1078	168.602637649	0.83
NM_201129	2859	2842	158.948629943	0.81
NM_001030227	3083	3051	113.871427128	0.81
NM_001002058	1464	1437	128.197102128	0.81
NM_001002468	1022	990	195.87608262	0.83
NM_201471	2005	1939	135.263911447	0.87
NM_001109742	1330	1252	112.721879855	0.74
NM_001002546	1137	1128	153.732830548	0.83
NM_001007059	822	813	285.077951707	0.82
NM_199949	1010	789	426.399880744	0.82
NM_198809	1593	1566	597.718847388	0.83
NM_001006082	1057	990	123.683370096	0.83
NM_001045182	1962	1889	103.389025512	0.84
NM_001166268	1318	1295	136.625457577	0.8
NM_001076617	1423	1390	102.113456811	0.79
NM_001033106	1940	1912	197.280904209	0.83
NM_153644	800	796	1106.53365556	0.84
NM_001114739	2663	2571	135.321917772	0.78
NM_001004003	3275	3232	127.342030696	0.8
NM_199824	2976	2958	127.129496481	0.78
NM_199707	3859	3819	107.804765082	0.78
NM_199997	1964	1931	113.973131878	0.8
NM_001007159	2793	2765	159.515953446	0.81
NM_213279	889	886	392.743416233	0.91
NM_001007060	2420	2307	119.321310285	0.8
NM_212977	1620	1575	541.461985189	0.81
NM_200185	1558	1464	102.989106623	0.81
NM_131250	2498	2381	100.13013841	0.82
NM_001079961	2760	2703	108.611604307	0.82
NM_001302478	479	463	296.482479056	0.79
NM_213439	1234	1233	1576.13066897	0.83
NM_199692	2181	2150	151.841129815	0.78
NM_001017574	1635	1634	792.589049709	0.86
NM_001002748	1493	1343	204.742820206	0.81
NM_001126433	4113	3973	128.13685776	0.79
NM_199697	1568	1562	130.562288942	0.81
NM_001017769	1380	1326	350.82436294	0.85
NM_001003648	2563	2538	130.234765974	0.77
NM_001045388	833	828	393.522357731	0.81
NM_001017700	639	632	417.658146803	0.85
NM_212990	1305	1266	141.80041602	0.83
NM_200815	451	450	744.761126662	0.9
NM_001004296	3558	3531	171.609238036	0.92
NM_001044944	2270	2122	117.880374007	0.83
NM_001003452	1457	1434	162.871551819	0.82
NM_198807	2455	2427	360.969284657	0.83
NR_132113	1666	1536	325.111324565	0.8
NM_001003424	548	532	124.383439815	0.82
NM_200835	2679	2654	100.400041187	0.82
NM_199953	1856	1833	163.640149421	0.84
NM_201451	1923	1752	116.977784188	0.8
NM_001002164	1610	1585	156.211218974	0.79
NM_001017899	1282	1187	183.371290945	0.83
NM_001202510	960	413	218.538363738	0.83
NM_001034978	2408	2332	112.605171867	0.71
NM_173264	860	768	112.847749844	0.83
NM_200839	1497	1492	193.334739837	0.84
NM_131580	1081	1064	394.330194399	0.93
NM_001002155	566	553	209.137529469	0.81
NM_001003869	1684	1675	507.368295619	0.82
