NM_001037110	852	836	139.332401967	0.88
NM_001080046	2561	2544	109.113106471	0.87
NM_001320425	2084	2074	152.056872297	0.89
NM_001002468	1022	986	110.200564477	0.88
NM_131455	2783	2749	287.832600317	0.93
NM_213536	1947	1939	125.57661081	0.91
NM_001327745	2576	2563	625.255740944	0.94
NM_173241	2359	2343	140.345741046	0.9
NM_001256193	1325	1308	171.363885264	0.89
NM_200919	1303	1292	125.593518674	0.89
NM_200099	1417	1300	110.044046165	0.91
NM_201483	2936	2934	216.443255817	0.92
NM_212940	3136	3127	212.351631896	0.92
NM_213037	926	918	238.034771318	0.91
NM_213640	2749	2738	190.936164916	0.91
NM_001076652	2835	2789	261.058608816	0.92
NM_001030209	1904	1890	157.660988118	0.88
NM_001126457	1515	1477	241.692142461	0.91
NM_001123057	1091	1053	107.911501663	0.83
NM_001281985	1215	1186	131.92217225	0.9
NM_212932	1336	1333	230.741962673	0.92
NM_001003429	771	764	297.851844929	0.92
NM_201584	658	658	1519.09754037	0.97
NM_199794	1804	1745	112.931071547	0.87
NM_212952	393	388	169.163332626	0.92
NM_200769	606	447	106.73908398	0.88
NM_201477	1088	1080	136.944162448	0.87
NM_199956	2049	2045	215.925490527	0.91
NM_213417	619	594	550.806183499	0.93
NM_001002172	1737	1686	108.621702443	0.87
NM_200650	2313	2265	762.260224963	0.94
NM_001003756	989	979	172.441334228	0.89
NM_201060	620	618	441.676897518	0.95
NM_213528	3446	3439	161.779541741	0.9
NM_001002509	476	469	139.655219006	0.87
NM_001006005	498	496	292.782646011	0.91
NM_213077	5079	5076	331.538746122	0.93
NM_200845	453	453	793.047873459	0.96
NM_213104	2249	2227	284.093600701	0.92
NM_199845	1826	1816	149.206938007	0.92
NM_205699	3086	3042	138.060813001	0.89
NM_001003609	3381	3355	127.304882167	0.88
NM_001002058	1464	1442	108.036905717	0.87
NM_001002419	2672	2657	115.871034971	0.9
NM_001128336	1845	1839	187.576397345	0.88
NM_001076617	1423	1416	118.265210264	0.89
NM_001013272	2053	1989	174.506945076	0.95
NM_212811	2039	2017	109.562124795	0.88
NM_173224	998	998	1027.50692279	0.94
NM_178290	1341	1274	138.869893752	0.88
NM_212598	1558	1522	170.667403384	0.9
NM_212632	2072	1807	238.794258123	0.91
NM_001017585	968	937	103.522337685	0.84
NM_130941	4366	4364	237.809508307	0.91
NM_001004601	3178	3157	380.356637653	0.92
NM_001326447	1381	1337	113.925705582	0.88
NM_213278	2414	2407	122.222920742	0.89
NM_001100070	893	879	1390.56938427	0.94
NM_212754	3274	3190	126.135242611	0.9
NM_183072	3116	2973	242.660892095	0.94
NM_001003564	805	783	138.313518654	0.87
NM_201500	2311	2286	104.184636266	0.86
NM_213336	1459	1421	1297.63634193	0.96
NM_214706	1706	1695	346.684994889	0.92
NM_200533	1158	1147	134.432558106	0.9
NM_180965	852	852	2505.86134394	0.93
NM_212985	1619	1613	130.402904714	0.9
NM_001002056	1394	1348	102.852087772	0.88
NM_201295	2137	2101	102.868161357	0.89
NM_173253	4213	4201	228.015313514	0.91
NM_205650	1236	1221	101.603048716	0.85
NM_200745	852	788	214.178840628	0.9
NM_200030	265	255	248.752182707	0.94
NM_001082551	5347	5307	158.773267358	0.9
NM_212659	2024	1978	126.041131091	0.89
NM_201141	184	181	148.317657356	0.86
NM_199772	1594	1587	168.513527138	0.88
NM_131351	1260	1244	333.253072427	0.93
NR_138548	701	639	187.586917463	0.87
NM_199790	2376	2368	131.922183407	0.87
NM_205673	1403	1392	616.361439796	0.92
NM_001007186	1224	1144	190.213798256	0.92
NM_001161487	585	539	165.254894534	0.9
NM_201026	2098	2082	119.254066924	0.9
NM_198805	3777	3735	208.296338612	0.91
NM_201449	2975	2966	133.63830507	0.92
NM_001013538	3493	3485	112.715433931	0.88
NM_213385	1514	1504	115.945041565	0.88
NM_173244	4899	4779	120.905746029	0.9
NM_200976	7541	7492	114.919116637	0.91
NM_001003422	932	862	108.983312709	0.86
NM_001007774	1090	1083	277.84820961	0.88
NM_214699	1423	1216	321.660353116	0.91
NM_199931	1406	1384	104.631932003	0.87
NM_001044950	994	984	130.348117365	0.87
NM_213510	2570	1255	241.820868864	0.93
NM_001017766	1563	1430	119.176149044	0.89
NM_001024073	1943	1937	331.110446479	0.92
NM_001008600	1454	1405	108.867136341	0.9
NM_173236	2213	2207	380.452753438	0.91
NM_001353934	559	549	5617.62454961	0.94
NM_201111	2387	2365	124.700705602	0.91
NM_001017582	728	718	212.450096306	0.9
NM_001008603	1538	1509	159.747503434	0.89
NM_214772	3418	3388	115.769670289	0.88
NM_213204	482	480	673.725091793	0.96
NM_201043	1067	1051	313.178473262	0.91
NM_194397	1204	736	165.386367	0.88
NM_001328190	3336	3225	170.140399678	0.9
NM_201050	1959	1945	255.890761175	0.91
NM_001002068	805	804	579.724649954	0.94
NM_001145579	3579	3558	130.337023501	0.89
NM_199650	2613	2605	126.953709685	0.9
NM_131444	1040	1039	645.997658919	0.96
NM_001002116	1747	1733	102.757421699	0.86
NM_131679	2510	2502	192.331439376	0.9
NM_001127470	488	464	137.477001606	0.91
NM_001017565	1107	1097	188.851288224	0.88
NM_001002115	1407	1391	107.049418592	0.85
NM_200911	1640	1604	154.616102415	0.91
NM_001115095	3041	3016	258.450526641	0.91
NM_205537	1272	1264	211.944850403	0.92
NM_212937	1764	1761	269.9182667	0.91
NM_001004003	3275	3257	215.91252427	0.93
NM_001113591	2287	2286	321.972570802	0.91
NM_001017400	1168	1123	104.721798164	0.9
NM_200219	618	598	135.339052976	0.87
NM_001327928	826	765	1626.21134104	0.88
NM_194398	1339	1335	211.615068781	0.9
NM_213113	524	516	189.366635662	0.92
NM_131404	1466	1401	271.494934554	0.94
NM_001098757	1759	1750	253.427477232	0.91
NM_001123389	4247	3248	125.721912839	0.9
NM_001115140	2557	2522	205.745415719	0.91
NM_213250	3048	3043	248.40987692	0.92
NM_001159825	533	463	128.77363158	0.89
NM_001100089	1610	1583	317.27523413	0.93
NM_201214	1758	1726	240.841606695	0.92
NM_001006105	1484	1436	106.202716978	0.89
NM_200157	2789	2780	125.508415431	0.88
NM_001077603	3283	3263	183.155983825	0.91
NM_198356	3253	3094	121.231975016	0.88
NM_212784	763	670	256.486533359	0.96
NM_198870	2196	2174	393.578946565	0.93
NM_001001399	1042	997	196.107074784	0.91
NM_001110386	542	518	128.607900651	0.93
NM_001144803	2895	2855	143.016394733	0.9
NM_001142954	1763	1614	117.62431114	0.92
NM_200607	1909	1865	130.996952123	0.89
NM_212953	298	296	465.192993459	0.97
NM_001045349	1628	1602	299.415551129	0.92
NM_213294	1525	1509	254.189059732	0.9
NM_213298	1609	1584	204.234707459	0.93
NM_201305	3465	3445	170.80669757	0.89
NM_001044993	2166	2146	144.091966402	0.88
NM_001003995	1512	1498	158.839155659	0.89
NM_001080015	3658	3640	104.578300925	0.89
NM_001110105	2366	2344	140.026710445	0.87
NM_199639	2171	2154	166.193492733	0.88
NM_199636	728	726	236.261883541	0.95
NM_173261	3588	3576	117.919620167	0.87
NM_001105108	1254	1254	1076.28605271	0.94
NM_200298	785	769	809.523676895	0.96
NM_212723	3491	3484	294.698524017	0.93
NM_212599	3242	3236	180.814207421	0.9
NM_001002121	2041	2036	161.455191336	0.91
NM_205560	1988	1931	143.135190515	0.89
NM_201185	1255	1239	177.473434644	0.9
NM_001003432	636	632	521.819072732	0.95
NM_201309	2747	2723	168.460420038	0.91
NM_001110127	2367	2297	101.167568381	0.88
NM_001007367	1852	1846	116.481729595	0.87
NM_199761	1288	1286	404.238927418	0.92
NM_201101	887	887	1749.32253826	0.95
NM_200694	868	863	362.248123807	0.93
NM_200504	1868	1854	114.847552351	0.87
NM_001281721	1433	1433	2321.75911151	0.96
NM_001030232	1930	1916	103.991948746	0.86
NM_001177453	903	897	148.387158823	0.91
NM_200103	2231	2206	156.511742164	0.9
NM_212569	2189	2108	232.240240825	0.91
NM_001098392	1870	1870	1237.91106248	0.93
NM_212653	2511	2483	102.593607466	0.91
NM_212977	1620	1597	862.47316096	0.94
NM_199864	1251	1199	136.684487586	0.9
NM_213279	889	886	142.151167048	0.95
NM_001017829	964	955	122.290334438	0.88
NM_001044811	947	903	130.615965702	0.91
NM_001076732	519	517	268.335696796	0.94
NM_001024407	769	764	327.485719777	0.94
NM_001245968	5678	5627	131.502128141	0.9
NM_001002606	1391	1123	283.917068694	0.92
NM_214746	3154	3125	110.627562836	0.88
NM_200190	1637	1605	172.350118622	0.89
NM_001017797	1307	1307	1094.40105815	0.94
NM_200182	2697	2688	284.883168951	0.95
NM_001004667	1392	1389	354.141969533	0.94
NM_001002864	1690	1674	115.228701597	0.89
NM_001017599	1089	1062	110.745274149	0.84
NR_132113	1666	1602	432.201723714	0.97
NM_200059	1469	875	161.709736133	0.95
NM_131686	3477	3464	214.457158411	0.93
NR_135206	2284	1996	107.581422616	0.88
NM_213185	1250	1243	246.363143153	0.94
NM_001004652	514	501	425.570327765	0.93
NM_200125	1594	1540	126.02945004	0.89
NM_212641	1956	1942	143.539619983	0.9
NM_200921	1692	1438	116.139046622	0.9
NM_198142	2269	1874	271.315167938	0.94
NM_001270973	2474	2455	161.594890847	0.9
NM_001110404	1945	1873	101.623461562	0.87
NM_001045276	2510	2473	135.147295043	0.89
NM_001006022	1281	1271	127.438343953	0.9
NM_212828	1860	1848	175.639754105	0.92
NM_001302478	479	465	240.641801617	0.92
NM_001017752	1868	1859	171.322818612	0.92
NM_001309383	1906	1804	155.531912571	0.91
NM_001045388	833	830	546.40583792	0.93
NM_001123299	3138	3103	124.982174644	0.86
NM_001172570	2593	2590	187.978766055	0.9
NM_001037702	3795	3762	127.489664354	0.89
NM_001002086	1396	1338	108.731057906	0.88
NM_213428	1125	1119	330.970769523	0.9
NM_131112	2386	2379	591.335941064	0.95
NM_200303	785	785	1143.33560144	0.93
NM_001077378	2168	2118	130.374975433	0.9
NM_205559	2111	2102	236.52441181	0.91
NM_001128693	2431	2285	209.99403385	0.92
NM_212657	2706	2706	446.066565815	0.92
NM_001114406	2982	2946	105.436781803	0.9
NM_200010	1237	1216	111.44193567	0.85
NM_001290080	3280	3059	398.01057774	0.93
NM_001002433	1124	1090	131.736824874	0.88
NM_212671	1372	1367	465.211599189	0.94
NM_001310015	5539	5151	123.049367217	0.88
NM_173232	700	697	234.45523219	0.94
NM_001002546	1137	1128	124.274090709	0.87
NM_001309531	1197	1188	1252.88865735	0.95
NM_001003731	915	898	230.051033565	0.91
NM_212675	1290	1282	238.091281333	0.89
NM_001007309	2103	2094	114.693334763	0.88
NM_001025452	2323	2261	106.686666438	0.86
NM_199579	3282	3259	129.277719484	0.88
NM_213364	2853	2850	372.932425427	0.93
NM_001105692	4404	4381	125.752627789	0.89
NM_200120	3568	3539	133.93337398	0.89
NM_201467	1977	1975	280.497477568	0.9
NM_001004289	2206	2171	159.259291753	0.91
NM_001305583	2333	2323	130.854895884	0.86
NM_001271817	931	913	437.710985621	0.92
NM_212612	2529	2251	225.647820574	0.91
NM_001020749	1069	1058	196.969702129	0.91
NM_001003414	1644	1636	222.654823486	0.92
NM_001040043	498	497	595.262834014	0.94
NM_201492	2157	2154	309.75094596	0.94
NM_001083544	548	541	218.190265054	0.9
NM_001114739	2663	2592	189.20853729	0.9
NM_213317	2315	2030	934.082729153	0.95
NM_001289906	2416	2399	262.432748087	0.91
NM_181330	2728	2673	104.874420503	0.89
NM_200835	2679	2668	124.433537961	0.9
NM_198802	1827	1802	144.980967514	0.89
NM_213644	826	815	147.376195708	0.93
NM_001007335	1902	1895	122.998116488	0.87
NM_200495	1495	1494	531.561899696	0.92
NM_001001819	490	487	250.949769242	0.92
NM_001004641	1029	1022	149.914838949	0.89
NM_201122	430	420	163.838805538	0.92
NM_201181	1730	1712	103.982603693	0.86
NM_199863	2172	2160	130.786699136	0.82
NM_001309525	2542	2244	224.888040497	0.9
NM_001110121	508	506	411.812312595	0.94
NM_001033108	1865	1859	332.413035216	0.93
NM_131057	2859	2843	127.695420307	0.91
NM_200813	1767	1750	156.844578602	0.87
NM_199997	1964	1937	182.659361933	0.89
NM_213449	3598	3574	105.174447046	0.88
NM_001002155	566	553	124.017684937	0.91
NM_200317	3287	3276	100.018439559	0.86
NM_131294	747	712	149.619018605	0.92
NM_199540	2833	2611	155.62288816	0.91
NM_213486	1795	1766	122.350491953	0.87
NM_131376	1589	1579	371.869338662	0.94
NM_205558	1625	1616	150.185136085	0.91
NM_153669	2212	2202	186.57107664	0.91
NM_205541	1833	1794	224.312888019	0.91
NM_214696	2658	2644	581.638737759	0.93
NM_001159911	659	625	144.199662409	0.92
NM_001007296	1464	1454	152.778252232	0.87
NM_199727	2361	2229	189.516552104	1.0
NM_001077285	1662	1643	129.967881352	0.89
NM_001002575	1120	1111	220.402344061	0.89
NM_199865	576	559	123.972593234	0.88
NM_214783	1935	1916	131.445021476	0.88
NM_001024439	820	808	217.004060733	0.9
NM_001161470	3571	3548	132.105895176	0.88
NM_001025503	1688	1680	385.945019892	0.92
NM_200732	483	483	678.415206273	0.96
NM_001037386	2280	2250	202.686126154	0.92
NM_001018165	3163	3157	137.9795151	0.9
NM_200386	1221	1183	210.659539348	0.94
NM_201065	1326	1313	192.223901723	0.91
NM_001123279	1871	1835	113.106655388	0.88
NM_001005590	2862	2853	116.576582565	0.9
NM_001089427	2563	2549	204.922208319	0.91
NM_213350	1326	1319	240.314539997	0.88
NM_001012366	2584	2580	201.22351585	0.91
NM_001288657	839	801	186.794439264	0.89
NM_213000	1716	1708	154.330074034	0.9
NM_213021	826	817	202.619714339	0.86
NM_173258	1894	1891	327.478797077	0.91
NM_199771	1782	1780	555.091086451	0.93
NM_001081747	1861	1799	107.473708486	0.88
NM_001103116	1209	963	166.982318356	0.92
NM_001199436	4653	4599	304.457730395	0.91
NM_201451	1923	1646	132.009714892	0.9
NM_213110	1915	1872	116.646602779	0.86
NM_200598	2739	2707	157.253011145	0.89
NM_001159528	565	554	252.080252706	0.96
NM_199932	2022	2018	230.708433833	0.92
NM_001003888	644	635	107.671846427	0.88
NM_199516	2304	2302	227.654782563	0.91
NM_001045485	2328	2315	129.05469601	0.89
NM_181559	1968	1949	158.50653645	0.88
NM_212758	782	782	898.99302018	0.95
NM_199671	1288	1285	470.168756175	0.94
NM_001256729	1792	1784	203.362273553	0.91
NM_214811	2239	2225	322.032562371	0.89
NM_001007168	1086	973	116.811208164	0.86
NM_199640	2424	2416	214.429519592	0.9
NM_212572	1919	1908	243.590671503	0.92
NM_001003860	687	686	343.957210372	0.91
NM_001040380	2222	2207	146.081549607	0.89
NM_001326495	899	826	135.05607021	0.88
NM_001002378	887	878	166.6222585	0.95
NM_001083028	2853	2840	188.344165567	0.91
NM_201129	2859	2849	172.969073477	0.89
NM_001326707	1301	1218	144.274869187	0.9
NM_173246	1093	1084	142.335615723	0.88
NM_201138	1662	1615	146.813112017	0.88
NM_213001	2776	2708	102.781416383	0.88
NM_001033741	841	807	165.678449615	0.9
NM_001301360	2299	2262	153.364681963	0.86
NM_001002684	2073	2067	184.588781128	0.91
NM_199843	2780	2773	225.707484708	0.89
NM_001083577	3079	3015	131.131895869	0.89
NM_001089428	3015	3011	420.540694148	0.92
NM_199595	2595	2584	241.336937905	0.91
NM_131820	3292	3283	278.944823893	0.89
NM_001082830	1131	1098	137.201974002	0.89
NM_200766	1140	1112	174.786306597	0.91
NM_001017863	937	917	115.008528026	0.86
NM_001002867	8579	8523	107.050437636	0.84
NM_200564	1980	1914	164.711824649	0.92
NM_001099263	1036	1024	103.293562869	0.84
NM_001327845	953	917	235.86316214	0.91
NM_213145	1383	1379	350.211689155	0.92
NM_201061	504	502	311.584170969	0.94
NM_001017866	726	646	127.24117421	0.92
NM_131580	1081	1066	162.417138824	0.98
NM_001320326	2130	1987	116.008468163	0.87
NM_200759	1257	1228	102.24594782	0.81
NM_200502	613	611	274.304831417	0.94
NM_001003844	919	812	131.311238808	0.9
NM_001040351	3343	3204	138.507477326	0.88
NM_001007383	1101	1088	365.40851725	0.89
NM_001098480	441	431	193.241466496	0.89
NM_001002366	1347	1255	131.305433822	0.88
NM_001309644	1435	1395	563.689486609	0.93
NM_200025	417	415	272.238691309	0.94
NM_130948	1240	1239	644.888705796	0.91
NM_200621	3430	3408	117.621100841	0.88
NM_131176	1454	1453	527.687872735	0.93
NM_001256652	3850	3830	163.543282001	0.92
NM_213377	570	569	559.20241098	0.96
NM_200713	813	794	110.621714042	0.92
NM_001005949	954	877	102.260866497	0.89
NM_001302634	1322	1036	212.477836848	0.96
NM_200130	1538	1524	132.22187843	0.88
NM_130922	2069	2066	527.782653726	0.93
NM_198806	2485	2471	252.740583871	0.92
NM_212629	2082	2063	111.104895345	0.87
NM_001079961	2760	2731	102.374199673	0.86
NM_199996	1431	1182	412.154394581	0.92
NM_213159	1406	1382	105.715965044	0.89
NM_173266	486	478	183.190112431	0.91
NM_173238	3052	3039	230.435178587	0.93
NM_001017994	1879	1753	119.683275841	0.87
NM_001159946	743	684	110.094677017	0.9
NM_199952	1472	1451	172.65928898	0.89
NM_201588	2454	2448	183.903279594	0.91
NM_001002688	2438	2434	231.936197479	0.9
NM_001020523	1307	1299	132.344838533	0.87
NM_001017899	1282	1199	235.28348139	0.91
NM_001002078	399	367	307.894848181	0.94
NM_199799	1813	1773	121.281229735	0.89
NM_001039985	1602	613	180.999085857	0.97
NM_213080	2202	2160	784.530294894	0.93
NM_001017747	906	888	111.36527078	0.88
NM_131240	2447	2436	122.316805984	0.88
NM_198908	3473	3458	149.878830819	0.91
NM_200184	1547	1541	178.846466367	0.89
NM_001080087	1141	1117	126.491876503	0.89
NM_200458	2810	2808	598.45818965	0.93
NM_001126377	1826	1823	162.512130583	0.88
NM_001004589	2795	2788	137.900907796	0.87
NM_199769	1960	1949	137.896776871	0.91
NM_001003994	4054	4015	139.22467846	0.89
NM_001077322	723	719	316.749918887	0.92
NM_213479	1687	1686	495.406784922	0.93
NM_001326706	1360	1217	137.129760483	0.89
NM_213067	2302	2296	150.558533054	0.9
NM_001077535	2030	2028	309.719375437	0.92
NM_001003425	2025	1978	125.648881006	0.88
NM_212635	2442	2420	104.2307559	0.88
NM_001002866	472	471	285.261325101	0.92
NM_001076569	1891	1877	127.419617094	0.87
NM_001082838	4174	4162	114.660377627	0.9
NM_201480	1497	1459	124.12412885	0.89
NM_200765	520	515	296.263868601	0.95
NM_001200020	2734	2681	104.127808641	0.86
NM_001002164	1610	1597	175.416508699	0.88
NM_001005927	3621	3602	123.637449451	0.9
NR_135185	805	396	102.772266223	0.93
NM_001077343	3359	3340	157.118578504	0.91
NM_001013265	1080	1075	321.038738474	0.93
NM_201062	1892	1885	164.578604632	0.91
NM_001025536	2800	2732	160.967518383	0.9
NM_199428	1597	1522	514.786128028	0.93
NM_173251	890	885	615.800636221	0.94
NM_199933	3311	3292	235.963150565	0.91
NM_001110414	1505	1489	202.979903982	0.9
NM_173249	703	694	260.002667097	0.94
NM_199535	768	758	613.085570114	0.88
NM_212589	1828	1816	165.023606925	0.89
NM_205627	2866	2860	152.069475622	0.9
NM_205580	1191	1189	343.21243774	0.92
NM_213262	2403	2394	271.732601115	0.94
NM_199575	2146	2098	227.147112345	0.92
NM_001002203	755	745	203.507445074	0.91
NM_131512	2178	2096	245.657532752	0.92
NM_199686	3328	3267	109.895802433	0.88
NM_212880	2206	2171	130.988073333	0.87
NM_001328559	2598	1809	240.144701479	0.93
NM_212787	1664	1646	107.338615676	0.86
NM_200993	2423	2420	328.99055824	0.94
NM_001243178	360	329	335.019976534	0.95
NM_205668	1493	1488	185.594504345	0.91
NM_200750	463	463	283.002484392	0.93
NM_213331	1267	1256	124.794560176	0.87
NM_001002324	1626	1615	115.575663913	0.86
NM_194374	4303	4288	188.520055397	0.9
NM_152973	2095	2087	221.103110576	0.93
NM_201475	1685	1676	378.882579027	0.91
NM_200720	900	873	354.913663738	0.95
NM_212725	2193	2161	101.156774793	0.86
NM_213060	2913	2863	133.26329892	0.89
NM_001002427	555	548	246.37323039	0.89
NM_212566	1185	1180	411.463501543	0.91
NM_001080184	1867	1862	374.74606308	0.94
NM_213293	1692	1688	389.966136631	0.94
NM_001044324	3798	3786	166.941947695	0.88
NM_200029	495	487	153.361052657	0.94
NM_001080609	3345	3337	122.677676265	0.89
NM_213386	2179	2157	226.363711912	0.91
NM_001031671	1213	1023	162.725050815	0.88
NM_001014343	2029	2000	311.864937593	0.92
NM_001005589	851	846	158.471277984	0.93
NM_001044944	2270	2126	101.67233319	0.89
NM_212692	2280	2261	118.958218485	0.89
NM_199546	1638	1629	231.908337319	0.92
NM_001326708	1284	1229	154.43460512	0.9
NM_131456	3732	3722	261.196713848	0.93
NM_213236	1566	1562	678.940857019	0.93
NM_201094	1303	1279	101.629775566	0.88
NM_131670	1758	1754	283.83916893	0.9
NM_001030227	3083	3066	116.312051462	0.87
NM_200192	1621	1590	100.706120784	0.87
NM_201460	2889	2847	109.545804014	0.88
NM_131310	2699	2661	358.014578595	0.95
NM_181601	1767	1763	285.943029662	0.93
NM_001013568	2084	2068	104.416578308	0.84
NM_200809	1096	462	171.650070287	1.0
NM_001013300	2429	2421	235.137616112	0.94
NM_001003758	1471	1446	111.267666186	0.89
NM_201579	1950	1829	523.176255494	0.92
NM_001024440	1132	1112	111.31616425	0.88
NM_001044983	507	498	198.009561466	0.91
NM_001007375	881	862	677.282459681	0.94
NM_001271474	826	783	678.276250473	0.93
NM_001043323	817	812	1048.87795144	0.93
NM_201336	2817	2796	340.748789436	0.93
NM_001105596	685	666	124.136260721	0.89
NM_001305588	928	872	190.876254582	0.9
NM_001030239	2705	2675	178.242097068	0.9
NM_131337	2643	2620	119.309881638	0.9
NM_130995	2082	2080	709.163965619	0.92
NM_200860	1037	1019	108.516630227	0.88
NM_199602	1906	1897	166.857085887	0.9
NM_212708	2973	2971	583.285169363	0.94
NM_199853	1976	1969	126.251445079	0.88
NM_001160335	1296	589	157.099529428	0.93
NM_131493	1109	957	250.503718065	0.9
NM_001111176	2020	1919	144.327258194	0.97
NM_001002486	304	304	501.687834644	0.96
NM_200068	3044	3040	254.402996086	0.92
NM_173235	635	537	393.305032083	0.94
NM_001033107	2124	2060	278.439431395	0.93
NM_207063	1357	1345	234.164012968	0.91
NM_199277	3019	2996	107.967326115	0.88
NM_001002572	1107	1100	288.529721282	0.92
NM_201125	1851	1844	157.447887089	0.91
NM_212986	1706	1683	141.778906565	0.9
NM_152953	2185	2177	258.800289666	0.92
NM_001013459	1299	1249	144.793523378	0.9
NM_213197	1918	1909	162.652627584	0.9
NM_212709	1904	1902	230.155337026	0.9
NM_201039	867	856	215.361641619	0.87
NM_001277446	6296	6272	130.095261255	0.89
NM_213160	2310	2292	122.248777323	0.88
NM_001004665	755	638	189.597753996	0.89
NM_131047	1625	1589	209.281769387	0.91
NM_001042769	1471	1441	108.013331835	0.87
NM_205722	1431	1425	141.867612498	0.88
NM_200815	451	450	455.778755112	0.95
NM_001044754	1503	1502	472.2068604	0.93
NM_200220	2081	2028	157.835090339	0.91
NM_001044858	6394	6096	100.734786633	0.88
NM_199913	3736	3624	107.937474626	0.9
NM_001030235	2960	2472	113.070715611	0.89
NM_199432	2083	2079	161.642372833	0.92
NM_199576	2107	2102	334.822563658	0.91
NM_213219	2351	2310	156.111213011	0.91
NM_001312897	3464	3424	131.19309783	0.9
NM_001305584	1127	1070	106.189500994	0.87
NM_200801	1181	1157	151.309174933	0.91
NM_213370	1821	1802	173.716905223	0.9
NM_200100	1262	1225	100.702929605	0.82
NM_001005955	934	887	108.64333436	0.84
NM_173237	1733	1709	101.726626378	0.9
NM_212681	1104	1094	107.360340996	0.83
NM_200425	2026	2018	130.869308237	0.89
NM_001002335	1771	1769	294.19597726	0.91
NM_200961	1367	1342	150.491058707	0.87
NM_001303006	1567	1508	126.640521226	0.93
NM_213068	2654	2651	301.370551328	0.93
NM_213099	2644	2625	144.115786642	0.9
NM_212762	435	424	169.938622191	0.92
NM_001012501	2090	2063	110.721334489	0.85
NM_001111223	2405	2387	153.687007656	0.89
NM_199888	2218	2194	116.335593875	0.88
NM_001001590	1354	1295	250.559436748	0.93
NM_199719	1526	1521	206.232940843	0.92
NM_001320324	2045	1922	117.893887816	0.88
NM_001002211	1406	1398	150.264623299	0.9
NM_214768	3311	3304	213.016572632	0.92
NM_001007153	1209	1199	176.069268821	0.91
NM_213214	1843	1830	110.211931759	0.89
NM_001328426	1833	1756	105.203866523	0.88
NM_001017699	777	773	216.323952936	0.91
NM_001123007	734	728	164.242732991	0.91
NM_001243034	1098	1069	110.275173108	0.86
NM_001014303	1968	1919	129.54107302	0.9
NM_001037239	1102	1076	128.130905674	0.89
NM_183069	1801	1782	103.077850941	0.88
NM_001003640	1732	1726	218.169081007	0.88
NM_200171	1702	1675	230.084416022	0.93
NM_001017593	1279	1278	2310.95741271	0.96
NM_194408	2698	2679	115.057484264	0.9
NM_001089542	2618	2603	153.896232961	0.9
NM_001118896	1966	1923	117.725839965	0.9
NM_199980	1802	1786	185.83602144	0.88
NM_213366	2072	2031	129.682133921	0.88
NM_001017700	639	638	533.203936173	0.93
NM_201469	2279	2267	143.194892008	0.89
NM_198121	1234	1207	770.423238378	0.93
NM_001007409	1741	1732	102.484484854	0.87
NM_214766	2719	2665	105.960785241	0.87
NM_205599	1107	1102	276.187536791	0.9
NM_001004597	3045	3037	109.22670698	0.88
NM_213176	2872	2850	189.188800305	0.91
NM_131760	1239	1203	241.546926881	0.86
NM_200781	1741	1723	104.159163902	0.86
NM_001105277	2672	2647	193.791716325	0.9
NM_001012316	494	491	188.915035973	0.95
NM_001127333	2139	2136	495.98399961	0.93
NM_001008618	2180	2163	159.533999467	0.9
NM_199983	2598	2596	373.773955288	0.93
NM_200626	1845	1829	123.444696724	0.88
NM_001320133	1786	1734	143.95061475	0.88
NM_001080054	2651	2640	240.456930116	0.93
NM_199548	1566	1554	301.541566202	0.9
NM_001003634	2085	2063	191.361860676	0.91
NM_001080653	963	937	115.983558916	0.88
NM_199925	1383	1376	165.397641366	0.92
NM_213014	1822	1820	187.064951331	0.91
NM_199599	1472	1442	125.25889463	0.87
NM_198375	3977	3958	104.862706359	0.88
NM_199547	2150	2145	198.176811344	0.9
NM_200646	3533	3457	123.694072889	0.88
NM_213277	2437	2429	376.977653763	0.92
NM_199949	1010	794	308.405766138	0.95
NM_001007361	1550	1534	247.374477782	0.9
NM_001080041	2858	2856	244.250593257	0.91
NM_198366	2668	2474	635.65397299	0.94
NM_200431	2094	2007	362.275722793	0.92
NM_001044949	2722	2676	115.63567345	0.86
NM_212775	1695	1670	127.905996706	0.88
NM_001003439	1097	1073	138.441037714	0.88
NM_001002082	950	934	259.59253507	0.9
NM_001199720	2183	2152	132.976292783	0.89
NM_001044395	1041	970	149.545068657	0.9
NM_001002440	876	873	116.040128923	0.86
NM_131368	2562	2538	173.37734777	0.88
NM_205562	1110	1107	489.063245357	0.93
NM_001004554	4235	3405	123.304699556	0.92
NM_001110126	1521	1512	315.801480158	0.92
NM_001013517	539	531	174.685458011	0.86
NM_199677	2030	1875	195.499147654	0.92
NM_001111226	1743	1724	110.34096257	0.88
NM_001030000	785	760	113.460209649	0.85
NM_001102393	1428	1412	113.100996457	0.85
NM_213257	2641	2625	106.74686369	0.86
NM_001012499	3307	3277	109.802995812	0.85
NM_152951	2332	2312	171.918260802	0.89
NM_213188	2624	2622	549.931340683	0.94
NM_001004675	823	795	120.066924873	0.87
NM_199672	2895	2880	137.446738206	0.88
NM_001025478	1537	1520	126.044372635	0.88
NM_200360	1236	1224	126.003321266	0.89
NM_199723	2044	2038	235.561023331	0.92
NM_200965	3723	3175	106.554296904	0.9
NM_001029972	1536	1533	193.842127173	0.9
NM_001309267	2448	2380	319.130890473	0.92
NM_212676	1015	998	140.423209928	0.9
NM_200839	1497	1490	123.430021951	0.9
NM_201078	1493	1458	257.294861581	0.92
NM_213466	1532	1530	546.824504035	0.94
NM_001282177	500	486	390.947491311	0.95
NM_213079	1728	1726	601.388701076	0.93
NM_131833	1490	1483	230.45346395	0.91
NM_200066	1645	1642	298.221666985	0.92
NM_001037691	926	768	251.224169895	0.9
NM_183071	1312	1295	2891.65444213	0.96
NM_213152	1230	1216	108.862182213	0.86
NM_001102634	544	489	270.817860478	0.97
NM_001037424	1074	1074	983.903260147	0.94
NM_001025460	2415	2412	473.180631701	0.94
NM_131382	1726	1705	196.075759678	0.9
NM_201501	2246	2199	111.729840339	0.89
NM_214773	1667	1645	381.607131282	0.94
NM_001003730	1436	1418	130.663265813	0.88
NM_001145554	4414	4375	124.96266699	0.89
NM_181603	4884	4871	120.600402974	0.9
NM_200094	2754	2743	241.055783597	0.93
NM_199734	1635	1622	202.379632409	0.9
NM_001305546	3508	3483	112.185764844	0.87
NM_001005937	2939	2929	231.304888395	0.92
NM_199545	2659	2617	117.553269911	0.9
NM_001312882	1918	1882	340.315832306	0.94
NM_200322	1385	1382	188.677877257	0.89
NM_001025186	1368	1366	192.482448153	0.95
NM_001077743	2781	2772	107.260763694	0.91
NM_001007372	974	964	136.100384813	0.88
NM_001079805	1560	1549	151.249189407	0.87
NM_001002069	344	341	359.030592527	0.96
NM_177479	912	911	315.52453147	0.94
NM_001017902	1348	1335	136.887176149	0.9
NM_200696	785	783	220.909032681	0.89
NM_200467	1846	1839	136.406277041	0.91
NM_199773	1731	1726	224.686739547	0.92
NM_213013	986	986	340.251489804	0.93
NM_001110403	2335	2334	1110.98201189	0.95
NM_001044967	1716	1681	105.174795786	0.85
NM_001040375	927	916	161.5083263	0.86
NM_201577	2524	2482	105.863139455	0.83
NM_212581	3212	3155	284.084473036	0.92
NM_131263	1753	1752	1604.0202668	0.95
NM_001003890	2344	2337	827.440110163	0.94
NM_200823	5471	5409	146.074733722	0.9
NM_001045049	1708	1702	559.456494184	0.9
NM_001077804	1835	1793	1238.7468774	0.95
NM_001289907	2400	2380	255.170706718	0.91
NM_001004296	3558	3546	171.479091295	0.94
NM_131513	1495	1495	3141.2591135	0.94
NM_001030065	3197	3183	135.447930637	0.89
NM_001256194	1220	1200	156.398872591	0.89
NM_001044959	1736	1708	150.251854697	0.91
NM_212601	1458	1420	102.628875816	0.86
NM_214683	3016	2987	116.975608502	0.88
NM_213028	696	692	157.350160542	0.89
NM_001105526	393	385	272.833866556	0.96
NM_212586	3074	3035	153.049985047	0.9
NM_213034	513	352	441.99445258	0.94
NM_001109720	867	863	174.779412265	0.93
NM_001081629	3711	3658	241.718999837	0.91
NM_001007327	2489	2467	108.78723364	0.87
NM_131355	3115	3105	245.116404395	0.93
NM_178294	966	947	244.747963794	0.94
NM_001256780	2608	2548	223.243893692	0.93
NM_199481	1939	1937	965.253833603	0.95
NM_213015	1944	1934	794.873901455	0.97
NM_001128671	3201	3091	109.57521638	0.88
NM_001044902	1913	1904	291.770770797	0.92
NM_201052	1066	1059	112.627775168	0.9
NM_212810	4376	4354	108.384682379	0.85
NM_200743	1036	1029	251.174595104	0.88
NM_194394	1014	998	128.590615458	0.87
NM_001009898	878	876	249.451403578	0.9
NM_213641	1708	1398	247.655326074	0.9
NM_001256179	1270	1235	100.084149786	0.86
NM_199683	1121	1121	342.318271144	0.94
NM_001003447	678	674	241.08941048	0.93
NM_199780	3197	2653	109.190636318	0.9
NM_213208	687	681	298.525169785	0.94
NM_001076629	1060	1039	115.348494076	0.86
NM_212769	1831	1793	131.379324071	0.88
NM_001127477	3663	3595	114.020240755	0.88
NM_001130697	679	639	191.588538871	0.98
NM_001017637	1944	1877	192.07411467	0.92
NM_199542	4070	4060	165.909783365	0.88
NM_001099251	1172	1143	122.085075446	0.86
NM_214749	1151	1142	129.406848542	0.82
NM_200974	1246	1218	256.725366444	0.88
NM_194264	1218	1190	341.503808132	0.94
NM_001007384	1474	1428	127.611886812	0.89
NM_001002152	1741	1637	146.526588518	0.89
NM_001013552	1015	918	251.807120536	0.88
NM_001113596	1641	1617	109.533364963	0.88
NM_131069	2357	2355	392.329231278	0.92
NM_198807	2455	2435	548.263456192	0.93
NM_001115117	1974	1965	163.419010532	0.9
NM_001162502	4392	4386	271.136355254	0.92
NM_001122747	3529	3521	106.59749153	0.88
NM_131452	2133	2129	288.574681045	0.93
NM_200258	2133	2124	179.246081238	0.9
NM_001002050	1276	1090	131.111570902	0.87
NM_001017739	862	856	213.507731169	0.88
NM_213435	1901	1846	107.20144859	0.88
NM_001083002	3725	3705	100.711457737	0.9
NM_213182	1676	1643	135.06674851	0.89
NM_001077250	1996	1985	280.197898352	0.92
NM_201146	561	561	306.913509436	0.95
NM_214714	2273	2265	160.823154484	0.91
NM_001004677	854	818	112.749652822	0.89
NM_214721	859	831	301.369463875	0.95
NM_201303	3213	3203	154.942425007	0.9
NM_001312680	5204	5167	101.93718534	0.89
NM_001002317	629	619	158.118804099	0.89
NM_199872	2275	2244	102.747986205	0.88
NM_200115	1931	1745	132.801447398	0.91
NM_001166268	1318	1301	109.825810434	0.87
NM_131145	2634	2616	166.465543375	0.89
NM_197934	2550	2523	126.180330603	0.91
NM_198364	1785	1759	120.273170973	0.87
NM_001244839	1213	1179	108.690264959	0.88
NM_205689	1543	1535	141.895659242	0.91
NM_001003648	2563	2545	157.851333316	0.89
NM_001003843	777	765	224.707051641	0.92
NM_131599	1227	976	254.901479574	0.92
NM_201010	1360	1355	200.24998717	0.87
NM_199993	1443	1428	151.68953593	0.84
NM_001020684	1181	1164	148.113361526	0.9
NM_213178	1954	1953	813.012326844	0.94
NM_001110371	2492	2486	316.828668924	0.92
NM_199994	1598	1587	309.477394481	0.89
NM_212605	1994	1679	243.603162921	0.95
NM_001013260	1373	1166	103.631101043	0.88
NM_001080176	1395	1392	359.353413781	0.93
NM_001002478	640	581	269.023932847	0.92
NM_201153	832	828	176.148343536	0.91
NM_001001889	2350	2347	341.077211876	0.93
NM_213639	1142	1097	225.361163889	0.91
NM_131309	1418	1152	267.835537878	0.93
NM_001009889	2617	2186	423.647705774	0.95
NM_200958	1832	1821	245.771554086	0.92
NM_001003532	1764	1748	258.846023545	0.92
NM_001013536	1099	1085	460.450486701	0.91
NM_200446	2044	2030	118.317073479	0.92
NM_001017867	1024	1000	103.748104605	0.84
NM_198809	1593	1564	431.569831299	0.95
NM_180964	755	755	5328.03738205	0.93
NM_001077164	1425	1410	110.108910516	0.86
NM_200096	1729	1728	354.091681658	0.93
NM_199480	2006	1982	218.644470157	0.89
NM_001076568	1580	1523	100.216295944	0.88
NM_001045848	1378	1357	135.669539874	0.89
NM_001270554	2133	2131	473.040177951	0.92
NM_001044779	1182	1157	461.74626519	0.94
NM_001030285	2720	2704	102.17892003	0.88
NM_001002160	1522	1496	129.474119583	0.88
NM_199725	632	619	216.501276937	0.9
NM_131710	2418	1715	180.155436274	0.9
NM_001130597	765	747	165.476800612	0.89
NM_001044756	2636	2573	148.924970102	0.87
NM_001006057	1041	998	101.733993003	0.86
NM_001034180	1807	1789	104.274704549	0.86
NM_001044332	2091	2086	367.249548676	0.93
NM_200027	727	727	344.929188951	0.94
NM_001076556	1931	1882	110.632528093	0.89
NM_213663	1657	1635	162.359385687	0.93
NM_200245	1925	1903	100.18546754	0.87
NM_199430	1480	1480	1761.194107	0.93
NM_001099995	552	541	114.400160202	0.92
NM_001017574	1635	1635	1027.75570054	0.95
NM_131450	2067	2051	908.619866155	0.95
NM_001089371	1328	1323	184.874236618	0.88
NM_001008732	2434	2422	153.093475714	0.91
NM_213092	1589	1587	757.399603588	0.94
NM_001024399	989	976	190.124725788	0.93
NM_001045013	3195	3172	140.668786302	0.89
NM_001098730	1026	1019	228.871355055	0.9
NM_173263	1471	1446	156.046667674	0.92
NM_001288658	2035	2015	106.050970189	0.87
NM_001002505	686	682	312.654252667	0.93
NM_001017874	1045	1043	311.700256346	0.93
NM_199583	3547	3522	119.01936751	0.87
NM_001037222	1931	1897	289.375192521	0.92
NM_213148	1200	1195	247.579208128	0.91
NM_200060	2167	2128	102.595303151	0.86
NM_212994	2227	2187	194.522541656	0.89
NM_214718	2014	1998	111.481223692	0.89
NM_212993	966	962	114.884551735	0.89
NM_201056	713	702	120.253819399	0.87
NM_200808	527	519	157.291746752	0.88
NM_001256029	2041	2028	138.993519645	0.89
NM_212597	953	922	168.56456952	0.9
NM_001002557	975	865	111.237867421	0.88
NM_001007059	822	808	211.070843908	0.91
NM_200525	502	492	148.306979264	0.94
NM_153661	1378	1369	281.984681248	0.91
NM_001006019	1571	1531	158.506036769	0.92
NM_199278	1687	1661	178.990030328	0.9
NM_214707	2486	2476	177.492313194	0.9
NM_212726	1694	1653	100.464976551	0.87
NM_212803	2808	2785	131.325499889	0.88
NM_201194	2282	2276	242.391774969	0.93
NM_199653	2168	2158	118.498457066	0.87
NM_001025516	1563	1555	114.775472686	0.87
NM_199823	1848	1840	204.096868982	0.9
NM_200403	1359	1346	173.475109946	0.9
NM_200261	2924	2864	183.565748134	0.92
NM_213351	1541	1540	366.310365265	0.89
NM_131220	1791	1786	247.581665099	0.92
NM_200550	1782	1760	241.594911222	0.92
NM_173233	520	494	142.937374194	0.92
NM_201513	1945	1940	286.927317699	0.93
NM_131213	2019	1997	119.524030732	0.87
NM_001001593	537	525	398.550179268	0.94
NM_001077313	3448	3431	133.88841454	0.9
NM_131585	1058	1056	224.259717679	0.94
NM_212696	2164	2092	119.686156216	0.88
NM_001004674	895	892	472.468817029	0.9
NM_153644	800	798	1103.86686406	0.95
NM_212626	1541	1538	226.659737125	0.91
NM_001003861	634	630	262.152464787	0.94
NM_212595	2011	2006	362.268570203	0.92
NM_201005	1653	1598	166.354475407	0.91
NM_199716	1410	1362	115.141224997	0.85
NM_001326384	5589	5540	128.465154933	0.91
NM_001003434	357	321	287.886413356	0.95
NM_199963	1953	1949	153.623905492	0.89
NM_213124	1505	1476	581.830289204	0.93
NM_131569	3917	3899	127.861235397	0.88
NM_001130192	3149	3129	255.354375346	0.94
NM_201087	3796	3784	146.353413493	0.91
NM_200056	904	897	264.652691386	0.92
NM_199912	1864	1796	145.306123074	0.89
NM_212587	1840	1840	752.301231681	0.93
NM_001002073	1238	1197	254.20354215	0.91
NM_001024817	3247	3223	108.0547199	0.88
NM_001002677	1296	1227	837.082692054	0.93
NM_198358	2667	2656	233.314333627	0.91
NM_199812	2747	2712	138.108856152	0.88
NM_001131053	552	545	124.819988584	0.8
NM_200069	2277	2263	111.832546368	0.87
NM_131734	904	883	737.428743558	0.93
NM_001110388	538	513	274.439702392	0.97
NM_213406	1601	1580	175.633239223	0.91
NM_213302	1639	1638	2146.75577962	0.96
NR_132112	1059	988	142.094198935	0.9
NM_201323	1231	977	103.276968229	0.88
NM_001002527	968	681	166.533288128	0.89
NM_001017769	1380	1355	326.204064219	0.93
NM_001161599	1896	1888	301.47574659	0.93
NM_213530	1628	1622	241.567717536	0.92
NM_200660	1242	1226	109.096126296	0.84
NM_153663	2643	2608	175.041341515	0.9
NM_212833	990	987	1025.51872276	0.94
NM_182866	2633	2193	475.692415715	0.95
NM_001005931	2331	2321	232.699065704	0.89
NM_199574	1813	1804	208.5013825	0.92
NM_001045064	6953	6934	151.318955486	0.92
NM_001126455	927	899	205.67322459	0.89
NM_200774	1411	1402	179.502792928	0.92
NM_205667	963	960	1034.32963398	0.95
NM_200089	4068	4055	157.682086404	0.93
NM_001002106	1038	1037	610.392425166	0.95
NM_213434	3998	3985	193.300942009	0.91
NM_001081749	2396	2362	152.284882917	0.88
NM_213045	1311	1207	117.213619484	0.9
NM_200008	762	762	598.981735396	0.91
NM_001256190	1048	972	437.324483701	0.94
NM_200221	1906	1899	222.248056123	0.91
NM_001025472	2588	2578	122.096346676	0.88
NM_130926	621	621	1340.39185058	0.98
NM_001002525	1577	1545	187.759748508	0.92
NM_001024390	1205	1183	107.485220362	0.83
NM_194373	2095	2077	138.368282817	0.88
NM_001017801	916	910	164.667729209	0.88
NM_213638	1000	999	551.467492496	0.93
NM_201031	1453	1348	136.88509603	0.86
NM_001014289	3974	3969	176.087427285	0.91
NM_214722	3146	3139	195.041802009	0.91
NM_001351700	2305	1897	636.386442865	0.92
NM_001199367	1107	1107	703.807925669	0.93
NM_213493	1980	1974	136.33092228	0.88
NM_001080753	912	902	170.160257965	0.91
NM_001326532	2345	2296	189.431473578	0.89
NM_001004494	2262	2258	229.146075492	0.92
NM_131883	2454	2385	307.446199587	0.92
NM_001346309	2477	2454	174.006345515	0.88
NM_199764	1821	1731	116.87896836	0.86
NM_001007364	1096	1078	123.707107748	0.88
NM_001013345	888	886	409.375947853	0.91
NM_152972	2976	2970	414.858453239	0.93
NM_199943	2649	2630	127.718969897	0.89
NM_001003868	590	583	139.17731195	0.88
NM_131189	4935	4918	596.78541008	0.93
NM_131059	3350	3344	207.110235477	0.92
NM_199623	2532	2522	273.064253431	0.92
NM_200047	832	830	310.102373519	0.94
NM_001044341	2036	2004	118.818071785	0.88
NM_200227	509	508	382.46177409	0.91
NM_001017812	1326	1066	104.384919648	0.88
NM_198140	1041	1041	958.219430133	0.96
NM_001305594	1300	1272	115.262391741	0.87
NM_001102676	5182	5138	167.913880985	0.92
NM_001199737	2076	2034	140.277664372	0.89
NM_131620	1430	1421	242.49857279	0.9
NM_001006013	770	741	192.080660846	0.9
NM_131801	2124	2115	211.11081675	0.91
NM_200529	1496	1481	111.180361253	0.84
NM_001013533	2369	2368	857.305887874	0.95
NM_200896	1087	973	119.137215702	0.91
NM_001002081	568	568	716.707691665	0.92
NM_001005941	1106	1099	300.405007419	0.9
NM_212832	2205	2183	398.232139605	0.93
NM_199930	1981	1840	167.015139416	0.87
NM_173252	721	657	138.407251386	0.91
NM_200101	2096	2088	144.964592363	0.9
NM_001024403	693	668	178.039436727	0.9
NM_001002698	998	991	177.919211302	0.97
NM_200104	1558	1558	1227.84509413	0.92
NM_212790	1357	1354	310.09616626	0.91
NM_200034	781	778	304.343511161	0.93
NM_001004561	2028	1982	166.474552822	0.89
NM_001020774	3642	3622	218.846357427	0.92
NM_001079973	1842	1839	726.835287271	0.94
NM_001002139	610	608	534.322338626	0.96
NM_001328342	1608	1602	415.175012781	0.93
NM_213165	1693	1680	159.729503737	0.89
NM_001077599	2818	2801	100.122581491	0.88
NM_131714	3483	3473	158.947039317	0.9
NM_001024735	1269	1255	145.804917478	0.88
NM_200046	629	462	280.622055551	0.95
NM_201082	2474	2473	256.300088127	0.92
NM_001128680	1477	1463	150.906477693	0.88
NM_201499	1996	1988	172.929418247	0.9
NM_001005983	1451	1418	133.54248182	0.9
NM_213426	1246	1228	141.165098246	0.91
NM_001080806	7312	7302	281.05806541	0.95
NM_001002703	931	823	182.371005126	0.88
NM_001270540	1921	1893	160.029069284	0.88
NM_201119	1889	1860	118.604972397	0.85
NM_200304	1822	1812	205.804247851	0.92
NM_130925	1985	1985	893.807195973	0.95
NM_001351798	728	686	114.036003861	0.9
NM_001309640	3873	3839	167.937884748	0.91
NM_001105588	2100	2079	153.549873322	0.91
NM_201315	2419	2384	176.394391271	0.9
NM_200053	755	750	179.57259817	0.93
NM_001077156	2630	2612	116.914167427	0.87
NM_199760	653	638	263.398280252	0.92
NM_199811	2421	2407	180.633815161	0.91
NM_173835	1772	1680	211.083658558	0.89
NM_001309472	1168	979	108.413755238	0.88
NM_214774	1990	1906	112.206919984	0.87
NM_001040052	1228	435	101.722785651	0.94
NM_001243037	635	623	206.789041211	0.94
NM_200114	1681	1675	152.787530804	0.87
NM_200137	1677	1655	124.67213167	0.88
NM_001089351	631	559	682.027024245	0.92
NM_001009990	1994	1960	161.737890687	0.9
NM_214817	1907	1899	158.486910553	0.88
NM_199333	2387	2376	126.283648185	0.87
NM_001309845	4701	4682	106.652384686	0.91
NM_213016	3014	2986	133.540248626	0.91
NM_001007055	1328	1325	180.709962038	0.9
NM_001113588	2560	2549	102.747924155	0.86
NM_212818	1632	1620	2436.60534065	0.95
NM_001003503	1289	1282	156.262235911	0.9
NM_131247	1497	1484	196.437597294	0.91
NM_001089339	2002	1971	113.67995507	0.9
NM_200295	1397	1387	136.11666929	0.89
NM_001111175	1214	1192	106.987700331	0.87
NM_201197	1295	1275	142.527963045	0.87
NM_001034976	1886	1875	116.535239294	0.88
NM_200107	1423	1414	279.768523921	0.9
NM_001024409	1233	1224	750.498957585	0.93
NM_001002067	764	737	180.784062458	0.89
NM_200161	1795	1771	118.473510501	0.87
NM_001160409	1279	1194	107.58526054	0.88
NM_199729	1901	1836	102.674490919	0.87
NM_201580	2315	2049	110.479620497	0.87
NM_131572	903	901	268.393141463	0.91
NM_001033595	4350	4312	324.231510689	0.95
NM_001198751	711	513	942.45668843	0.95
NM_001089546	1288	1270	172.617829524	0.9
NM_200102	2428	2405	121.806802463	0.88
NM_212757	1834	1748	206.918879798	0.92
NM_214793	694	686	156.928524854	0.92
NM_213144	4896	3412	109.274169528	0.9
NM_001122749	4702	4676	143.443619526	0.91
NM_213464	2597	2584	103.70734298	0.84
NM_199824	2976	2959	107.537253575	0.89
NM_199555	1267	1245	100.241352508	0.82
NM_001017633	1921	1918	435.305448814	0.92
NM_001007351	1001	938	143.302369578	0.89
NM_212996	717	717	1406.05115474	0.95
NM_213053	2688	2670	256.566073192	0.91
NM_200086	1012	1012	852.526831766	0.94
NM_001076558	976	816	129.250401199	0.92
NM_131702	2559	2544	200.418628332	0.93
NM_212628	1695	1692	282.85153798	0.91
NM_001309458	1052	981	143.834477752	0.89
NM_199876	1622	1605	166.142514376	0.89
NM_001172637	405	377	137.508908019	0.88
NM_198143	657	657	227.226289264	0.92
NM_213072	1521	1482	319.138637179	0.92
NM_212802	2687	2672	184.956000394	0.89
NM_212630	2077	2065	454.294051034	0.93
NM_200771	1335	1262	244.504271061	0.92
NM_001030247	2625	2618	174.159427851	0.91
NM_001017831	1128	1118	226.751111115	0.89
NM_173247	1264	1264	1072.70092196	0.95
NM_213070	1739	1730	529.394037469	0.93
NM_212909	1162	1160	1522.80893036	0.94
NM_001102392	571	569	122.160041711	0.91
NM_213181	1884	1762	126.045588199	0.9
NM_212615	1918	1917	271.629454608	0.9
NM_131722	2285	2272	127.259586649	0.87
NM_200177	1899	1891	160.402694257	0.9
NM_001256205	3476	3468	195.704684574	0.9
NM_001351701	2205	1793	597.608745986	0.92
NM_001031676	2397	2390	669.905099236	0.94
NM_001103194	1392	1010	125.483963465	0.91
NM_001002748	1493	1343	163.239075814	0.88
NM_001005769	1842	1835	301.502750334	0.94
NM_200949	1869	1859	157.181316942	0.85
NM_199795	1533	1491	103.68753204	0.89
NM_201075	2837	2832	115.265441668	0.88
NM_001002559	1858	1833	115.718797828	0.89
NM_200260	1376	1365	174.794409713	0.88
NM_200199	1934	1868	113.150708137	0.87
NM_001326493	4171	4150	116.693581568	0.86
NM_212603	1499	1481	478.811465784	0.91
NM_001003863	2277	2235	161.440373783	0.91
NM_198070	2674	2638	124.935738285	0.91
NM_001282033	1209	1138	125.040945252	0.88
NM_001030076	1433	1421	176.523983817	0.9
NM_001020761	775	746	138.838038495	0.89
NM_213019	1049	904	145.3231411	0.92
NM_001077323	2565	2555	141.37927459	0.9
NM_200023	654	633	119.670611076	0.92
NM_199839	2240	2136	222.910335021	0.92
NM_213235	2369	2361	143.442437282	0.9
NM_213514	2079	2023	328.175348393	0.99
NM_001079974	2913	2824	160.938115709	0.93
NM_201324	2071	2066	159.960626431	0.9
NM_001030063	2342	2260	109.503683675	0.84
NM_001039497	1208	1162	123.319154863	0.87
NM_131331	1327	1179	111.310090151	0.95
NM_200881	1996	1967	178.882158619	0.9
NM_213382	1769	1768	440.845047585	0.95
NM_213058	2340	2322	121.451492216	0.87
NM_001040094	1945	1937	132.548678404	0.86
NM_001110119	553	539	138.990868268	0.94
NM_001007159	2793	2764	151.460236488	0.91
NM_194417	2696	2582	144.19952067	0.92
NM_131577	2326	2237	111.638312641	0.86
NM_213439	1234	1234	1172.780406	0.92
NM_199692	2181	2163	166.335838324	0.89
NM_199562	1746	1739	146.92295407	0.9
NM_201177	964	955	105.153670564	0.88
NM_131524	2159	2088	267.42334156	0.9
NM_001013573	2294	2274	196.671603684	0.88
NM_001256631	2491	2469	241.395465399	0.92
NR_132439	3553	3508	136.715050883	0.89
NM_001017764	2229	2216	133.154451504	0.88
NM_001017632	1861	1856	286.518492882	0.92
NM_205613	901	897	266.605180694	0.92
NM_001002079	503	501	308.004642235	0.96
NM_199275	1743	1719	201.9938724	0.91
NM_001001944	4039	3957	181.406956589	0.9
NM_131187	1662	1609	107.00270557	0.88
NM_200203	1246	1226	119.777123235	0.85
NM_145195	489	488	426.171684455	0.92
NM_001015060	2812	1913	403.348040385	0.93
NM_213722	1391	1386	182.623506801	0.9
NM_201112	1531	1488	340.759667749	0.94
NM_001002097	987	962	207.014444821	0.92
NM_200026	515	513	958.581216917	0.95
NM_001044864	2917	2902	107.292705891	0.89
NM_001002353	1295	1258	106.175282992	0.86
NR_145818	2099	1864	1851.30584331	0.94
NM_199755	1780	1765	145.983759495	0.9
NM_001002162	1955	1940	102.512045824	0.88
NM_199937	1654	1640	127.088896819	0.88
NM_001025533	2603	2539	146.860269734	0.88
NM_213180	1506	1504	793.85642439	0.95
NM_199711	2891	2888	198.931934809	0.9
NM_001080196	2669	2656	138.288403863	0.89
NM_001077716	2924	2882	224.465729165	0.91
NM_001082837	2181	2132	133.593757511	0.88
NM_201192	2166	2165	387.221284425	0.94
NM_198922	2543	2533	199.824181273	0.9
NM_001202510	960	418	144.313879873	0.95
NM_001034178	683	663	100.093598041	0.86
NM_213535	1851	1809	115.33210618	0.88
NM_214757	1547	1524	113.019673008	0.87
NM_201191	379	377	279.072030013	0.95
NM_001033106	1940	1925	261.513255492	0.93
NM_001111162	2367	2325	103.031947268	0.88
NM_001040321	1659	1596	434.636064941	0.98
NM_001313770	853	836	2240.58623089	0.95
NM_001044809	4571	4548	222.974356152	0.92
NM_001089356	2793	2763	135.442535277	0.9
NM_001045402	900	896	695.985921778	0.93
NM_213157	1702	1689	122.829531053	0.91
NM_001003869	1684	1676	488.180856156	0.92
NM_199782	2184	2119	809.016268115	0.93
NM_001111168	1945	1943	342.658435793	0.89
NM_199559	2198	2150	138.576149359	0.9
NM_200302	1501	1498	297.997577397	0.93
NM_131427	2914	2907	209.461820996	0.91
NM_001309473	986	894	113.577041234	0.86
NM_131390	2996	2990	256.766617031	0.94
NM_001005953	794	763	191.212892777	0.88
NM_201496	2160	2128	133.34186119	0.9
NM_001002596	1471	1469	384.47441583	0.92
NM_001002604	1704	1403	107.896645856	0.88
NM_205709	1157	1148	241.280110435	0.92
NM_001077314	2329	2223	156.903015507	0.9
NM_199779	2398	2311	123.48126639	0.89
NM_001097584	3917	3909	160.96356071	0.87
NM_199724	483	471	139.323086156	0.93
NM_201328	2579	2550	106.75438315	0.87
NM_200281	1784	1771	105.167025868	0.86
NM_001111207	2027	1998	101.877908959	0.87
NM_001326547	5457	5412	144.769214682	0.9
NM_200959	1797	1794	245.055880034	0.92
NM_001115123	6890	6725	117.246405713	0.9
NM_001002540	1536	1502	105.695952254	0.88
NM_198911	2905	2881	253.123752042	0.92
NM_001017651	1317	1198	120.616932782	0.89
NM_001003728	818	785	117.090628757	0.91
NM_130939	1435	1435	2056.0223942	0.93
NM_001201442	683	617	244.999901795	0.93
NM_001024098	2200	2175	182.645152186	0.91
NM_001003875	2443	2435	149.309004334	0.9
NM_199707	3859	3841	113.462020356	0.88
NM_213489	2128	2120	165.618101748	0.92
NM_200710	2233	2167	145.245423537	0.9
NM_001077613	3350	3336	169.989153941	0.9
NM_001083818	2481	2458	184.240187387	0.91
NM_199669	1459	1455	208.144861884	0.92
NM_214691	2292	2238	118.789105177	0.88
NM_001008644	4525	4479	105.248850922	0.91
NM_201217	2259	2171	180.292185631	0.92
NM_130912	2296	2258	225.448669045	0.89
NM_001089525	3846	3825	339.005217052	0.93
NM_001252373	912	821	103.89023895	0.82
NM_213168	2419	2402	262.401426551	0.91
NM_001102629	1594	1592	150.347256116	0.9
NM_001013443	4163	4026	144.341262603	0.91
NM_201318	1400	1399	420.373117057	0.93
NM_199518	2000	1305	119.950951684	0.9
NM_131637	1945	1939	404.410985547	0.93
NM_199746	2436	2425	287.946851074	0.93
NM_001113800	1290	1137	172.620366628	0.92
NM_001100436	441	441	373.880022134	0.96
NM_213383	1824	1813	306.047268405	0.93
NM_001013469	1184	1168	111.886934236	0.88
NM_213002	1422	1412	224.233751566	0.9
NM_001079958	2967	2859	106.336569411	0.88
NM_001013445	2351	2345	116.006697481	0.86
NM_001252559	2418	2405	162.647558668	0.91
NM_001089544	1215	1135	255.951654953	0.94
NM_212646	1189	1169	112.230342011	0.87
NM_001045469	3123	3107	125.61764171	0.89
NM_001308551	1728	1683	143.057865154	0.89
NM_001109741	1428	1401	175.551622335	0.94
NM_001025471	1825	1794	134.934903365	0.89
NM_200912	2625	2587	150.117056782	0.9
NM_212584	1391	1391	1557.4688484	0.93
NM_213379	2414	2348	106.744583296	0.9
NM_131252	2569	2483	112.330652351	0.9
NM_200675	1581	1543	117.464164203	0.92
NM_001328586	881	841	147.149179956	0.91
NM_212735	2658	2609	166.812869733	0.89
NM_001006043	1386	1371	125.049933699	0.89
NM_200006	1388	1374	144.035792116	0.87
NM_199679	2346	2341	192.329095727	0.91
NM_131573	742	726	102.00673011	0.85
NM_001319650	804	595	148.052238623	0.93
NM_199953	1856	1827	110.418303797	0.87
NM_001077544	2495	2467	130.027509742	0.89
NM_001326540	2454	2415	104.227220523	0.89
NM_201488	2650	2625	338.256318367	0.93
NM_131442	1356	1351	168.989489711	0.88
NM_199708	2037	2035	898.008715889	0.94
NM_198872	2941	2929	133.54274268	0.89
NM_001003449	1713	1656	108.240997204	0.92
NM_200752	630	628	412.875960303	0.93
NM_001126433	4113	3974	100.23047442	0.85
NM_200852	722	721	458.031950271	0.96
NM_213334	944	939	207.754964997	0.9
NM_001328036	7934	4895	763.864302414	0.97
NM_197937	499	497	792.609468575	0.96
NM_001002521	960	955	210.451654823	0.92
NM_001003452	1457	1439	176.341830838	0.89
NM_201468	1862	1841	493.776154958	0.92
NM_173234	483	483	510.963467252	0.96
NM_200988	2330	2314	123.516059717	0.86
NM_199694	1483	1475	290.09981324	0.91
NM_200028	466	459	229.046791191	0.94
NM_199770	1920	1894	101.872511268	0.88
NM_199763	3910	3894	117.178680615	0.9
NM_214689	4274	4262	113.648114689	0.87
NM_199591	1983	1972	136.703691901	0.9
NM_001110022	2604	2583	148.455691524	0.9
NM_001024395	1099	1084	138.516762407	0.88
NM_212663	2972	2953	145.857841631	0.9
NM_001017896	893	873	199.340478939	0.91
NM_200510	2353	2334	143.508770349	0.89
NM_212710	2233	2197	186.581859277	0.89
NM_201298	2030	2021	403.415195961	0.94
NM_199588	1289	1136	159.857376367	0.92
NM_001045471	1147	1107	105.107542575	0.82
NM_001002465	1193	1115	115.772728757	0.9
NM_001003623	2252	2238	164.279318653	0.9
NM_213374	1991	1981	106.541909734	0.89
NM_001037667	6656	6583	207.989575999	0.93
NM_001105599	1365	1358	353.48582379	0.92
NM_001003474	1440	1425	150.506837966	0.89
NM_200065	3086	3079	158.438958457	0.9
NM_001080695	1195	1161	133.082129786	0.9
NM_001077355	1851	1839	118.021626019	0.88
NM_152949	1899	1899	1228.79701434	0.95
NM_001033746	1944	1912	112.710526124	0.91
NM_199657	2645	2625	116.493216402	0.89
NM_001002064	1628	1487	131.124041429	0.92
NM_001020605	737	725	163.552742334	0.89
NM_199842	1959	1926	117.729439994	0.87
NM_001004635	1079	1072	134.120102584	0.88
