NM_001003868	590	529	244.328736844	0.72
NM_213132	1347	1202	191.495013559	0.67
NM_001142954	1763	983	170.849137256	0.75
NM_200107	1423	362	136.729110147	0.57
NM_152972	2976	1532	204.677199841	0.85
NM_199535	768	731	526.982669458	0.86
NM_001305588	928	865	429.506659279	0.76
NM_001309472	1168	628	164.855389098	0.79
NM_001009889	2617	2128	340.426767853	0.81
NM_001309531	1197	709	190.654828869	0.8
NM_201062	1892	379	129.531919466	0.76
NM_001109839	2423	1308	206.075340293	0.85
NM_001044950	994	27	100.812989472	0.64
NM_213374	1991	935	174.097826279	0.75
NM_212569	2189	1951	318.316321113	0.79
NM_001001593	537	521	1203.00524308	0.86
NM_199218	1922	1089	182.480768525	0.75
NM_199994	1598	1538	328.229224707	0.8
NM_001020707	2405	1973	240.784862665	0.77
NM_131098	1330	1329	2608.79565932	0.85
NM_001002082	950	836	232.142379821	0.75
NM_213214	1843	491	149.493271616	0.79
NM_214793	694	688	1003.0934712	0.86
NM_199555	1267	114	100.915066875	0.61
NM_131151	1311	621	160.659144146	0.73
NM_001172556	1236	193	101.21041118	0.66
NM_199986	1703	1694	407.236033886	0.78
NM_212617	2038	367	121.960833052	0.7
NM_001199725	2589	591	114.063199931	0.66
NM_001005967	904	887	455.460712895	0.84
NM_001115117	1974	142	102.259575097	0.73
NM_001277446	6296	3820	161.831813638	0.68
NM_213262	2403	2330	345.903945433	0.75
NM_213235	2369	2345	441.957276167	0.8
NM_199546	1638	1205	287.177397684	0.81
NM_199974	662	33	102.91463301	0.34
NM_213334	944	275	144.505271007	0.74
NM_213053	2688	2469	263.779689991	0.78
NM_001003875	2443	1710	225.198129277	0.78
NM_213223	1558	1555	2112.68334426	0.89
NM_200713	813	806	881.181596024	0.9
NM_001083002	3725	1436	153.157283726	0.73
NM_001082481	3774	2022	189.608546556	0.81
NM_212740	1660	417	119.012010833	0.7
NM_200550	1782	403	128.554519442	0.72
NM_001144803	2895	796	140.641404391	0.75
NM_001081629	3711	1027	136.540485533	0.71
NM_200765	520	488	469.690634946	0.85
NM_001326595	1844	975	263.119337617	0.81
NM_213204	482	468	1285.76707579	0.87
NM_213417	619	582	428.624487596	0.82
NM_199882	3128	412	109.067584086	0.77
NM_200737	485	467	342.719079062	0.78
NM_200227	509	197	141.168706464	0.68
NM_001017993	2144	989	150.294551697	0.68
NM_199773	1731	679	154.732520957	0.72
NM_001001820	2183	2127	339.745030809	0.78
NM_200023	654	555	289.093099621	0.84
NM_131156	2379	2376	826.521260997	0.89
NM_201504	2600	906	152.821511195	0.76
NM_200056	904	173	111.854958067	0.56
NM_213519	3718	3051	228.883222076	0.73
NM_001076732	519	511	655.371841279	0.84
NR_132113	1666	1602	1625.34393902	0.9
NM_152949	1899	1893	553.135138331	0.85
NM_200992	4540	473	106.064488385	0.68
NM_001077250	1996	383	119.265875665	0.75
NM_212681	1104	199	107.963371658	0.61
NM_131059	3350	3322	561.646495399	0.78
NM_213192	3045	2332	199.785223156	0.71
NM_182882	1724	908	136.447161961	0.64
NM_213104	2249	1052	176.734655817	0.75
NM_214718	2014	917	145.802669689	0.71
NM_001082837	2181	400	119.718944341	0.73
NM_213530	1628	684	166.214019433	0.73
NM_198140	1041	1039	2475.38835629	0.89
NM_200975	1284	1002	279.45096514	0.82
NM_001080184	1867	1647	267.8752178	0.76
NM_001079946	1489	298	120.409849815	0.71
NM_213503	4437	1799	157.110915228	0.75
NM_131884	1518	324	125.332622204	0.73
NM_001017700	639	620	378.391398877	0.75
NM_001089428	3015	2760	334.957231847	0.81
NM_213450	2688	1317	175.656429504	0.73
NM_001006057	1041	832	185.889873939	0.74
NM_198811	2870	341	117.641087202	0.72
NM_213638	1000	311	139.094271141	0.71
NM_200053	755	487	178.848605882	0.74
NM_001328036	7934	65	2135.24954815	0.9
NM_001099251	1172	372	119.934440431	0.68
NM_001002079	503	496	870.103738366	0.83
NM_001002866	472	466	669.180613032	0.84
NM_170763	2844	1531	165.064406455	0.66
NM_199956	2049	2015	476.790947826	0.81
NM_001159825	533	132	119.91035204	0.76
NM_001005589	851	841	773.084262718	0.84
NM_001002075	2141	238	102.350879945	0.73
NM_212818	1632	513	151.024210719	0.73
NM_001005999	1423	1416	661.39494154	0.81
NM_001077804	1835	1787	1322.38144387	0.86
NM_001256190	1048	854	256.123005317	0.77
NM_001326480	998	155	113.141445694	0.8
NM_201043	1067	924	254.400545374	0.77
NM_001082865	1438	355	125.848053306	0.7
NM_199568	1180	313	139.797340119	0.88
NM_173247	1264	1263	2066.73018926	0.88
NM_198806	2485	2447	408.911046838	0.79
NM_001003860	687	612	237.546477281	0.77
NM_001109740_2	1175	175	114.975281275	0.82
NM_199949	1010	529	151.553659952	0.84
NM_200959	1797	894	184.429883427	0.78
NM_213533	2292	796	120.251139485	0.75
NM_001002703	931	306	140.09976592	0.67
NM_212764	1590	305	120.187782554	0.79
NM_131447	2821	257	102.837607171	0.67
NM_001309383	1906	1568	202.25027863	0.79
NM_201176	975	713	197.743980866	0.77
NM_001100436	441	433	885.984724218	0.85
NM_131580	1081	1070	1549.5104314	0.82
NM_001024409	1233	1210	659.356509817	0.84
NM_001033595	4350	4192	595.533625238	0.87
NM_001017632	1861	997	190.324947997	0.76
NM_001020578	2563	711	132.3941922	0.72
NM_001004494	2262	1686	203.439468512	0.76
NM_001002058	1464	945	183.059860942	0.72
NM_213366	2072	750	149.434497759	0.69
NM_201298	2030	1987	463.068326568	0.84
NM_001002720	2445	297	101.773569963	0.69
NM_199275	1743	1474	313.481588175	0.79
NM_001109854	818	293	173.255312071	0.9
NM_001037677	453	429	360.452867941	0.86
NM_213079	1728	303	112.662318942	0.75
NM_213514	2079	58	971.593059941	0.91
NM_200766	1140	953	305.354467607	0.82
NM_199740	1953	108	104.856142672	0.8
NM_213013	986	963	306.520260785	0.79
NM_214815	3914	2900	202.052286294	0.75
NM_131765	1921	1210	291.285474487	0.81
NM_001044811	947	128	118.187486222	0.82
NM_001161336	1153	1061	410.530883141	0.84
NM_001105588	2100	1039	162.126916494	0.77
NM_201318	1400	929	207.0588367	0.73
NM_131309	1418	1097	855.470559255	0.87
NM_001007383	1101	851	206.584927383	0.72
NM_001025475	3264	930	131.976157968	0.81
NM_001034178	683	86	107.006557024	0.86
NM_201474	5109	5010	332.05908111	0.79
NM_001044332	2091	824	165.346162542	0.74
NM_212762	435	417	561.350392247	0.79
NM_001003622	1494	789	213.296779946	0.82
NM_001002069	344	332	1034.94216371	0.88
NM_212653	2511	2173	272.136296297	0.88
NM_201192	2166	2142	449.274305593	0.8
NM_200078	1580	1041	214.607279613	0.79
NM_001037386	2280	525	128.875420749	0.73
NM_001077726	1324	223	130.058361167	0.66
NM_199564	1259	70	110.598036956	0.69
NM_001045275	729	392	247.663561983	0.8
NM_199865	576	150	118.497158442	0.62
NM_213294	1525	528	148.669363219	0.69
NM_200976	7541	3038	136.685798015	0.74
NM_199536	2159	644	127.423170022	0.78
NM_213159	1406	549	137.224856396	0.66
NM_001123007	734	373	168.892122816	0.78
NM_001002070	1279	225	121.965169162	0.65
NM_213051	2747	1695	180.999000293	0.78
NM_201153	832	819	744.467346816	0.88
NM_173263	1471	1423	362.327022101	0.8
NM_001190806	503	113	121.51812346	0.83
NM_213644	826	809	663.631975809	0.82
NM_214699	1423	1187	416.907956425	0.84
NM_001037108	818	360	122.203774465	0.65
NM_001172570	2593	315	106.965663085	0.65
NM_001004601	3178	3140	516.930760277	0.81
NM_213493	1980	1762	271.161482873	0.78
NM_199575	2146	863	163.639768055	0.79
NM_001002050	1276	376	122.612993432	0.78
NM_131386	4851	861	104.864471521	0.64
NM_001326695	5285	499	104.29333839	0.8
NM_200694	868	385	152.704972986	0.75
NM_199430	1480	102	121.135464793	0.73
NM_001001944	4039	1523	146.19255056	0.78
NM_001040043	498	488	1391.0598044	0.86
NM_213060	2913	1519	166.321327239	0.77
NM_199588	1289	1110	344.682897502	0.8
NM_001030277	4308	1225	142.293665073	0.8
NM_001126457	1515	1454	996.611410272	0.85
NM_201327	1412	788	162.075890389	0.8
NM_199481	1939	1926	1092.84286356	0.9
NM_001076748	2222	935	149.564608886	0.76
NM_001004520	2587	611	130.685118997	0.71
NM_001002139	610	600	1183.15474925	0.87
NM_001327745	2576	1009	137.564969705	0.7
NM_213336	1459	1414	792.972710818	0.88
NM_001002378	887	884	1227.66723906	0.91
NM_001105599	1365	159	122.184927197	0.71
NM_200103	2231	1008	178.358323301	0.79
NM_194377	1599	1536	300.143384186	0.79
NM_001080609	3345	2828	252.912956524	0.75
NM_213208	687	678	797.702914004	0.85
NM_200047	832	820	1196.80762189	0.88
NM_213461	2196	407	120.417109826	0.63
NM_199562	1746	1559	270.316126322	0.73
NM_201584	658	657	1852.02233472	0.88
NM_214722	3146	3135	727.765886299	0.83
NM_001037691	926	449	141.331580526	0.71
NM_131493	1109	783	201.754220816	0.78
NM_194264	1218	1182	422.894742887	0.83
NM_205585	1535	606	124.94413073	0.66
NM_200564	1980	1421	247.207517381	0.81
NM_001003429	771	78	105.408876915	0.69
NM_213515	2105	1220	164.131748955	0.71
NM_131139	2730	2100	210.590268777	0.75
NM_001002073	1238	607	162.354987222	0.75
NM_001312882	1918	1271	181.042659736	0.74
NM_001128697	1112	658	208.688903522	0.77
NM_199677	2030	1836	278.757002739	0.75
NM_001327996	1486	448	139.337562321	0.8
NM_213197	1918	563	136.420500958	0.73
NM_213144	4896	4317	316.377915614	0.81
NM_200258	2133	308	122.565692565	0.82
NM_152951	2332	2292	288.602223113	0.73
NM_001256191	3061	2161	230.770701558	0.77
NM_001013536	1099	157	105.950760351	0.7
NM_001003437	962	178	115.440779243	0.65
NM_001037410	1566	1525	583.806635781	0.82
NM_001145694	1937	224	101.81462297	0.63
NM_001320203	2049	606	142.603496146	0.81
NM_201217	2259	1881	226.429523348	0.77
NM_199851	2230	1011	145.440359957	0.73
NM_001166268	1318	270	125.905312963	0.67
NM_199778	1440	783	160.986005262	0.68
NM_001328122	1014	701	176.266170304	0.76
NM_001003447	678	666	916.333672867	0.88
NM_001002688	2438	278	111.152351397	0.68
NM_001017858	1127	224	121.166012908	0.63
NM_131058	2544	2163	292.194317752	0.77
NM_131456	3732	2090	180.750387617	0.74
NM_201480	1497	1063	193.279248097	0.7
NM_001014370	2623	283	102.292126984	0.73
NM_001353934	559	120	119.708453981	0.67
NM_213364	2853	2393	285.244213739	0.8
NM_001004639	1410	885	269.707912425	0.86
NM_001327986	2963	525	128.277469912	0.79
NM_001008585	2035	397	106.021013362	0.67
NM_199671	1288	1260	439.762170556	0.79
NM_201122	430	399	495.018758903	0.8
NM_198358	2667	2014	205.1852895	0.74
NM_001202486	1458	1124	346.203642391	0.86
NM_130971	2983	362	104.233019988	0.8
NM_001040375	927	803	236.755055361	0.72
NM_001001889	2350	2279	267.239147944	0.79
NM_001007159	2793	248	102.215295981	0.5
NM_131355	3115	521	126.041125232	0.8
NM_001127333	2139	1599	242.70835764	0.79
NR_125779	2420	1380	175.036404985	0.69
NM_199639	2171	296	106.709846528	0.67
NM_001033741	841	277	134.050924701	0.69
NM_213113	524	508	590.410734846	0.82
NM_200085	2164	693	131.081185655	0.69
NM_001004296	3558	556	115.363503838	0.92
NM_212610	1800	123	101.796942404	0.63
NM_213428	1125	244	126.125459437	0.72
NM_001002164	1610	250	113.150601679	0.76
NM_212560	1966	299	102.359268926	0.73
NM_001005953	794	116	120.492298769	0.51
NM_131069	2357	2356	1085.4218487	0.84
NM_181559	1968	1940	398.306027717	0.73
NM_212699	1350	871	171.547914827	0.74
NM_201471	2005	415	118.780281448	0.82
NM_001100144	1171	1053	153.670575935	0.57
NM_001005592	577	159	120.724160161	0.66
NM_001013272	2053	1873	428.53297692	0.87
NM_001015060	2812	1893	424.306204892	0.82
NM_131112	2386	2364	808.815720423	0.86
NM_198817	3168	3154	555.949904643	0.82
NM_131714	3483	1161	139.267148413	0.74
NM_001271474	826	591	200.055605923	0.71
NM_001309267	2448	2348	379.119267123	0.82
NM_213356	3227	1933	194.809180353	0.79
NM_213277	2437	2428	881.434575096	0.81
NM_131585	1058	1055	1647.04490188	0.9
NM_198070	2674	1273	178.506797325	0.81
NM_183074	1023	1003	358.584130481	0.83
NM_213641	1708	1366	534.019911093	0.8
NM_001077140	2236	570	127.748318793	0.7
NM_001161599	1896	939	163.636765736	0.69
NM_001256631	2491	2378	398.617688829	0.82
NM_001302478	479	55	126.422297114	0.79
NM_200845	453	448	1006.11223699	0.9
NM_200508	3355	434	114.577746988	0.75
NM_201577	2524	705	127.759431385	0.68
NM_131224	1785	404	116.68079617	0.69
NM_001115141	2817	1076	143.272942287	0.7
NM_213351	1541	516	153.493215454	0.72
NM_001001819	490	481	742.972619609	0.82
NM_131450	2067	1743	267.721867661	0.8
NM_212833	990	917	498.879237578	0.83
NM_200852	722	711	992.122682923	0.88
NM_200583	1872	1611	213.733224602	0.72
NM_130908	2177	1777	247.322360178	0.78
NM_001002203	755	373	156.56256179	0.66
NM_199574	1813	1611	318.449104003	0.82
NM_001081749	2396	844	157.613655431	0.7
NM_001114927	1232	288	106.280454985	0.76
NM_200533	1158	121	102.108131301	0.59
NM_131337	2643	1198	158.528536132	0.71
NM_214683	3016	1379	143.380487694	0.69
NM_153644	800	778	551.075659934	0.81
NM_001002067	764	557	172.566325741	0.7
NM_001006096	1274	1165	232.974408121	0.7
NM_213176	2872	1834	181.058577685	0.72
NM_131002	5176	2299	160.774822096	0.77
NM_200034	781	750	385.715452396	0.85
NM_001004289	2206	552	136.514213804	0.87
NM_001003861	634	625	712.505774047	0.88
NM_001002864	1690	793	161.532929936	0.7
NM_200182	2697	2562	389.905374535	0.86
NM_001003756	989	158	131.121147175	0.75
NM_001012483	2671	1257	157.570514713	0.78
NM_200458	2810	2805	1716.0933268	0.87
NM_213145	1383	1080	212.13827352	0.77
NM_131404	1466	1396	901.609921945	0.87
NM_212572	1919	711	158.313729417	0.78
NM_200502	613	610	1078.59452237	0.87
NM_214721	859	710	275.270681325	0.88
NM_001099239	2136	1215	166.928839251	0.77
NM_001024407	769	367	155.940746393	0.78
NM_173250	1964	1134	166.011537005	0.73
NM_212660	4024	478	115.231616634	0.74
NM_001328003	1314	471	130.509732203	0.71
NM_200129	1694	161	115.295807273	0.73
NM_001002604	1704	414	112.72000318	0.7
NM_201297	1684	343	137.50054201	0.79
NM_199761	1288	1236	403.304080601	0.79
NM_001006005	498	462	257.926061647	0.77
NM_213383	1824	1735	333.138003903	0.77
NM_212977	1620	1570	902.668261826	0.84
NM_214701	708	239	128.581234352	0.62
NM_200185	1558	1558	767.052050537	0.85
NM_001172680	481	68	102.672668237	0.79
NM_200027	727	723	1147.31289092	0.89
NM_001017593	1279	826	253.19126332	0.81
NM_131109	1642	704	101.055084608	0.57
NM_001013484	1198	224	120.033302504	0.74
NM_001005590	2862	268	113.548279187	0.78
NM_213486	1795	1100	176.811474808	0.71
NM_001077735	2831	265	101.672363906	0.83
NM_212711	2015	1380	171.376927497	0.82
NM_194421	2445	1532	175.522147475	0.74
NM_213002	1422	1364	476.416754828	0.82
NM_214736	1138	590	121.632040992	0.63
NM_131668	2214	470	113.373256858	0.63
NM_131230	1880	1393	203.70728064	0.79
NM_131335	1226	1188	360.111274782	0.84
NM_001079973	1842	1796	541.810518479	0.83
NM_001113800	1290	142	105.398097406	0.85
NM_173248	2072	1698	218.935876133	0.74
NM_205537	1272	147	116.356080933	0.74
NM_001115109	1488	416	135.584019268	0.9
NM_153669	2212	886	157.842726972	0.72
NM_181601	1767	1763	2872.51086025	0.87
NM_213128	2002	748	138.982717047	0.71
NM_001024403	693	49	105.213690527	0.74
NM_199701	2253	430	112.505007491	0.7
NM_001044324	3798	3746	375.543758104	0.76
NM_201481	2606	1185	141.132486995	0.7
NM_212612	2529	2368	467.748619105	0.85
NM_213233	1406	1108	233.424008021	0.79
NM_200046	629	457	623.454604482	0.89
NM_213642	1927	798	144.307304545	0.78
NM_173249	703	75	104.371446119	0.78
NM_001013455	473	450	398.853096776	0.83
NR_015622	439	42	117.016458279	0.83
NM_001007197	1484	512	138.892492841	0.77
NM_199995	361	321	287.052148274	0.75
NM_212952	393	380	625.768358387	0.82
NM_201060	620	611	960.17252622	0.85
NM_001199436	4653	4484	363.762319743	0.81
NM_001025453	1464	591	144.182876703	0.75
NM_001327928	826	168	126.144766674	0.81
NM_212598	1558	1465	342.339837132	0.81
NM_001115095	3041	1013	143.170421949	0.73
NM_001040052	1228	424	313.314286065	0.87
NM_001115138	2450	1567	176.205171423	0.7
NM_131594	2098	729	153.25470541	0.73
NM_001007375	881	804	295.027122538	0.74
NM_199925	1383	100	110.770897696	0.64
NM_001002072	1163	662	173.752285073	0.75
NM_213068	2654	2198	242.528162957	0.76
NM_201343	1686	133	104.316371642	0.52
NM_001081747	1861	295	124.560289457	0.64
NM_001039985	1602	662	1178.7870135	0.9
NM_001002677	1296	1188	648.739052969	0.82
NM_001082798	1346	1021	204.016727378	0.76
NM_199918	638	271	146.483388633	0.76
NM_212595	2011	1500	181.859144418	0.71
NM_173240	1818	881	150.908409532	0.73
NM_199760	653	573	244.599043673	0.71
NM_200416	1414	1403	446.339622721	0.79
NM_001002155	566	556	676.608259819	0.83
NM_001281721	1433	1427	3090.00096986	0.9
NM_001007168	1086	98	108.248739852	0.72
NM_199576	2107	2081	350.256988581	0.79
NM_201492	2157	1678	292.459337378	0.79
NM_200074	3198	190	103.461406599	0.74
NM_001030076	1433	723	163.171914861	0.71
NM_001271897	4559	4468	433.868132984	0.83
NM_213426	1246	175	115.176732977	0.74
NM_199755	1780	235	125.057899675	0.74
NM_199996	1431	1048	274.730832365	0.84
NM_001089351	631	499	256.726697661	0.79
NM_194373	2095	107	107.720983494	0.78
NM_199749	1558	1090	195.905887303	0.77
NM_001024461	3736	563	112.649246257	0.77
NM_201039	867	130	117.905121759	0.62
NM_213363	2054	1129	171.746687952	0.76
NM_001002499	530	422	310.580878891	0.73
NM_213028	696	634	321.883180147	0.78
NM_205708	1069	236	125.51560893	0.73
NM_198913	3017	394	118.247363878	0.74
NM_205673	1403	1354	577.486427892	0.8
NM_212772	1803	247	102.963899723	0.69
NM_001002121	2041	1452	205.642392481	0.75
NM_213178	1954	1717	319.773822579	0.79
NM_201200	2559	170	101.708743634	0.75
NM_001007186	1224	153	113.754938406	0.76
NM_181603	4884	2720	164.533135329	0.73
NM_212697	1759	117	113.079580898	0.91
NM_001020596	913	34	106.247762732	0.98
NM_199537	1555	1295	189.00114912	0.66
NM_130922	2069	613	144.735042535	0.8
NM_213430	1729	900	123.175837951	0.61
NM_001327886	2822	700	137.084828701	0.86
NM_200386	1221	950	246.879013527	0.82
NM_001004665	755	398	166.071201489	0.77
NM_199724	483	459	597.959860993	0.83
NM_200495	1495	1452	628.558137041	0.78
NM_001002572	1107	316	130.588817839	0.79
NM_001303006	1567	251	110.325693472	0.72
NM_201580	2315	400	116.834117219	0.67
NM_001044754	1503	1473	416.525494762	0.8
NM_001312917	2898	882	140.681740404	0.63
NM_213440	2146	527	133.825589739	0.78
NM_001002068	805	749	236.222557248	0.76
NM_173253	4213	280	101.281556508	0.72
NM_001002427	555	242	141.473924764	0.67
NM_213099	2644	1871	200.876265813	0.76
NM_214723	1488	1193	221.992322598	0.8
NM_214811	2239	2000	243.496220956	0.75
NM_199636	728	713	825.420660827	0.88
NM_213442	3138	2548	222.259684613	0.73
NM_131513	1495	1455	475.409816977	0.84
NM_001003869	1684	834	181.664868457	0.78
NM_201052	1066	1060	974.482195547	0.86
NM_131177	3237	833	121.400722075	0.61
NM_001256205	3476	540	116.716874458	0.72
NM_200003	1707	383	110.811658343	0.59
NM_131252	2569	895	147.607297372	0.74
NM_130926	621	600	779.164153285	0.92
NM_001002064	1628	379	127.52459957	0.79
NM_001244736	1475	1149	217.475889037	0.74
NM_001328342	1608	1567	427.194161733	0.78
NM_198142	2269	1185	146.28071222	0.75
NM_001034987	1550	269	116.29442775	0.62
NM_001045049	1708	237	112.77355934	0.73
NM_200581	1259	163	104.784234237	0.7
NM_001077535	2030	413	135.761388523	0.69
NM_201004	538	160	124.517377997	0.66
NM_001017801	916	474	166.758363916	0.77
NM_212603	1499	1462	860.713756954	0.85
NM_198143	657	646	761.252871206	0.85
NM_001004003	3275	2928	257.378652305	0.76
NM_001007456	1865	849	130.127750769	0.77
NM_212628	1695	1013	179.406521901	0.72
NM_200742	412	387	504.41542472	0.8
NM_001031676	2397	2382	881.983142922	0.84
NM_001290093	2662	2313	235.689975909	0.78
NM_001114425	1983	408	118.123832642	0.69
NM_001009898	878	415	144.646838248	0.69
NM_001002610	2636	427	103.381876117	0.76
NM_199595	2595	2518	397.226102822	0.84
NM_001177453	903	299	156.222021808	0.75
NM_131882	1518	168	117.161590699	0.72
NM_001080033	1298	1174	330.415245203	0.78
NM_001004588	1911	566	133.663658226	0.74
NM_001002106	1038	1033	869.164469113	0.87
NM_001077463	733	217	130.483660746	0.68
NM_001076639	2134	1765	256.370562526	0.73
NM_199640	2424	2285	301.137233133	0.78
NM_001201442	683	114	111.924229441	0.89
NM_201117	1162	405	138.015015231	0.65
NM_001001590	1354	1295	1088.24744784	0.89
NM_001003418	747	187	128.741731737	0.76
NM_130948	1240	206	140.576523945	0.69
NM_001037393	1370	267	116.061538512	0.79
NM_001017769	1380	880	173.82537438	0.77
NM_001003631	1108	190	124.318614136	0.78
NM_131761	833	643	305.444650795	0.78
NM_001030239	2705	450	118.091162376	0.72
NM_001017603	1574	511	136.20341064	0.72
NM_153659	2575	2554	427.948836525	0.82
NM_212597	953	854	311.556058125	0.8
NM_001018166	2664	867	137.702893167	0.76
NM_178294	966	799	287.059434309	0.84
NM_212630	2077	2052	486.316037164	0.8
NM_001076558	976	804	489.046758692	0.88
NM_173251	890	870	519.399051006	0.79
NM_001007775	1955	1626	226.379031429	0.71
NM_001004674	895	874	449.774287578	0.77
NM_199585	1876	1106	183.966544226	0.77
NM_001305662	2633	2044	240.593781983	0.81
NM_001045276	2510	741	135.934514056	0.75
NM_001128336	1845	908	187.887762445	0.74
NM_131310	2699	2658	1106.6731926	0.85
NM_001100089	1610	882	175.467063067	0.69
NM_213382	1769	1762	628.821294641	0.83
NM_213278	2414	2378	480.126837496	0.83
NM_001083105	1384	1175	173.088409511	0.61
NM_198877	1044	637	186.844001645	0.87
NM_001017582	728	430	176.178921203	0.74
NM_201191	379	368	678.793365547	0.86
NM_001243178	360	313	420.488056396	0.8
NM_131502	3174	860	135.026387377	0.73
NM_001313700	1944	509	119.399395948	0.69
NR_132111	1006	692	277.507699403	0.84
NM_001305594	1300	152	113.701596997	0.63
NM_001309644	1435	1387	1226.47069819	0.82
NM_199590	1018	529	163.159707917	0.68
NM_153661	1378	1337	328.889458978	0.78
NM_178287	841	204	105.179094815	0.72
NM_200743	1036	869	225.122767053	0.74
NM_213024	785	778	891.6662524	0.89
NM_001002102	1767	438	133.564335766	0.73
NM_200028	466	454	773.103165987	0.84
NM_201087	3796	616	122.814129479	0.74
NM_173224	998	966	396.328613508	0.83
NM_213455	1346	113	111.242482123	0.72
NM_212665	2585	379	108.229844826	0.8
NM_194417	2696	1475	164.689362765	0.75
NM_212700	1492	430	123.331586184	0.81
NM_001083577	3079	554	121.885437623	0.7
NM_131107	1375	1242	236.885778554	0.75
NM_001122654	3748	3382	299.967144224	0.79
NM_200771	1335	159	113.428661015	0.69
NM_173235	635	526	659.470036992	0.86
NM_001017824	1412	1103	238.165468568	0.79
NM_200650	2313	2209	581.644061993	0.85
NM_001001724	1252	274	117.794704712	0.8
NM_212613	1872	168	102.217267361	0.52
NM_001080993	3216	723	125.160883682	0.71
NM_001003731	915	789	277.380220449	0.78
NM_214714	2273	2267	774.135545388	0.86
NM_200988	2330	351	101.634279481	0.62
NM_200026	515	511	1289.50405135	0.88
NM_201475	1685	1662	662.156041701	0.8
NM_194432	2109	1340	201.488403624	0.79
NM_001017797	1307	1306	1745.38154082	0.87
NM_001110403	2335	2334	3292.80345995	0.88
NM_213019	1049	880	229.74647713	0.77
NM_001327835	2492	446	107.955568119	0.7
NM_131509	2480	2478	1245.84284675	0.85
NM_130995	2082	1515	248.399527779	0.79
NM_001008646	3009	373	108.476888268	0.82
NM_212709	1904	194	108.438382794	0.59
NR_132109	999	712	274.538911867	0.84
NM_212766	2522	1503	305.773997786	0.86
NM_001002078	399	363	1131.75728966	0.85
NM_213640	2749	1852	215.29425293	0.79
NM_001076652	2835	2786	1008.99130316	0.83
NM_212634	3083	2977	239.309681766	0.7
NM_199558	4692	1363	137.270111013	0.74
NM_201460	2889	2661	324.263097089	0.77
NM_213080	2202	926	158.907171318	0.73
NM_131444	1040	1033	1447.23482191	0.88
NM_130941	4366	3631	274.90121446	0.8
NM_131784	1540	1102	195.839269742	0.78
NM_001007771	2359	1071	156.556351402	0.73
NM_131700	1290	475	154.301108747	0.79
NM_001123255	3671	376	101.728420934	0.78
NM_001122836	1709	696	129.106999024	0.64
NM_200025	417	398	499.264140042	0.89
NM_201476	2769	2026	219.854124523	0.77
NM_001278811	896	289	146.783438576	0.77
NM_001003645	1961	184	105.563387057	0.68
NM_199591	1983	1735	257.998359675	0.76
NM_001012304	2365	843	141.798939064	0.78
NM_001020637	1220	337	130.0649847	0.66
NM_131351	1260	181	106.36457549	0.61
NM_001327999	1980	675	129.992401937	0.84
NM_200752	630	623	969.529057999	0.84
NM_212583	1887	336	106.252403655	0.55
NM_001083028	2853	597	133.787021413	0.78
NM_199708	2037	2007	722.867669523	0.86
NM_001097584	3917	1064	127.119678156	0.63
NM_001328586	881	827	376.456235208	0.85
NM_001007774	1090	664	168.537121536	0.74
NM_001002527	968	665	631.986908302	0.84
NM_001256193	1325	327	124.53403068	0.7
NM_201287	2030	577	140.874520233	0.77
NM_199780	3197	1200	129.868609129	0.76
NM_212970	3040	2037	209.136181723	0.79
NM_212937	1764	574	148.088032265	0.72
NM_201078	1493	1307	292.350882538	0.82
NM_200911	1640	694	158.519420861	0.72
NM_213317	2315	1819	1024.10695819	0.83
NM_001102637	1185	412	119.851264212	0.71
NM_199750	1632	277	114.418074881	0.7
NM_001002478	640	434	179.83016633	0.76
NM_001244802	771	210	140.501967111	0.69
NM_213034	513	347	762.841872326	0.89
NM_212994	2227	1671	205.738396335	0.72
NM_001105526	393	368	704.530541728	0.88
NM_001024735	1269	1175	236.415428627	0.78
NM_001014345	2836	618	124.717069209	0.75
NM_001012316	494	481	555.155225827	0.87
NM_001024400	608	64	109.011665822	0.44
NM_212567	2979	2166	206.800823374	0.75
NM_001110414	1505	121	107.315822785	0.58
NM_199570	2094	571	120.10181558	0.72
NM_001123389	4247	3262	238.550701697	0.78
NM_213279	889	887	1266.74071384	0.92
NM_199604	1787	898	174.046565535	0.71
NM_199569	1523	616	156.713239469	0.74
NM_213077	5079	1217	131.247901753	0.71
NM_001008732	2434	1496	222.971843185	0.81
NM_213463	3206	1100	131.122182129	0.72
NM_001013345	888	869	450.486104363	0.79
NM_131187	1662	1430	273.125079578	0.81
NM_199756	1039	960	227.938239807	0.75
NM_201468	1862	1809	659.776556263	0.82
NM_200510	2353	185	101.319643009	0.79
NM_131801	2124	2001	260.006104551	0.76
NM_205752	2930	681	106.842597527	0.67
NM_214696	2658	2638	802.406475562	0.83
NM_131162	2211	1410	206.338446373	0.8
NM_001002300	2716	351	115.850551357	0.74
NM_173266	486	141	112.607969608	0.75
NM_199211	2219	525	129.38407182	0.75
NM_178437	1742	1738	1273.54576418	0.83
NM_001003944	909	454	153.604929948	0.71
NM_001297547	864	148	120.727118575	0.68
NM_001013533	2369	2070	354.123176723	0.81
NM_213466	1532	1483	471.901238299	0.83
NM_200815	451	444	1135.29740702	0.9
NM_001351701	2205	1625	215.668143855	0.8
NM_001328035	2036	419	103.619107476	0.78
NM_001002053	1008	800	208.646276057	0.75
NM_173252	721	576	390.164633157	0.78
NM_199771	1782	1753	424.923909262	0.85
NM_181330	2728	606	118.590600479	0.73
NM_001017792	1005	115	102.805938761	0.66
NM_001004554	4235	957	118.205591438	0.78
NM_212743	415	367	241.175234555	0.83
NM_001080054	2651	1201	175.768047054	0.75
NM_001001399	1042	699	186.410161753	0.79
NM_212757	1834	1434	212.901774649	0.71
NM_130925	1985	1982	2459.89069481	0.81
NM_213015	1944	1897	865.415531264	0.89
NM_001130697	679	628	575.222808583	0.84
NM_001082931	975	545	157.375869131	0.77
NM_001103194	1392	684	136.934198811	0.7
NM_001328022	1566	395	100.032882685	0.81
NM_201323	1231	644	160.772167591	0.78
NM_212584	1391	1387	1856.36756081	0.88
NM_201513	1945	684	146.204136102	0.74
NM_199646	1823	308	111.195060778	0.74
NM_212710	2233	396	132.122986825	0.74
NM_001127470	488	141	118.979215601	0.62
NM_001003424	548	171	129.569582192	0.71
NM_201138	1662	541	128.441925917	0.64
NM_001044756	2636	441	111.892294918	0.64
NM_200059	1469	870	614.720467861	0.86
NM_001004667	1392	862	180.862969267	0.76
NM_001003434	357	282	354.214711812	0.83
NM_001045235	3834	44	180.481791829	0.91
NM_212953	298	289	1217.50212456	0.93
NM_001109740	1167	213	120.049781821	0.83
NM_001145579	3579	1724	157.734288793	0.72
NM_001083544	548	387	170.743975264	0.7
NM_001001729	2524	650	121.088059155	0.69
NM_198364	1785	1251	195.189005009	0.74
NM_194400	1240	552	130.210928372	0.61
NM_001001844	4242	3805	320.760442662	0.78
NM_001045488	538	535	1089.15431508	0.79
NM_212993	966	932	240.934491589	0.78
NM_183071	1312	661	170.34756367	0.8
NM_200086	1012	204	133.683211482	0.74
NM_001017851	1753	207	112.243032801	0.65
NM_198805	3777	2467	204.578723317	0.76
NM_001129823	861	162	105.440108334	0.65
NM_001025456	2764	910	143.485759244	0.76
NM_001003432	636	624	1020.63875336	0.85
NM_001113659	892	297	146.990488619	0.95
NM_131247	1497	1385	318.477825852	0.82
NM_001291887	781	547	238.70191632	0.79
NM_131573	742	674	314.889048826	0.81
NM_173232	700	692	1090.12680306	0.88
NM_001033107	2124	1818	304.237675608	0.77
NM_131874	1663	1600	415.911813573	0.85
NM_200732	483	476	1281.0843519	0.88
NM_001024429	1877	1263	173.389385466	0.76
NM_131452	2133	2072	387.074565785	0.76
NM_001130400	5294	1529	139.469970781	0.77
NM_001115114	1300	1247	316.535341784	0.83
NM_194390	1063	151	119.202788761	0.85
NM_001048149	944	673	194.986876491	0.71
NM_199548	1566	1057	212.497318312	0.74
NM_131455	2783	1678	170.645177695	0.77
NM_131620	1430	1422	1009.22746515	0.86
NM_199820	4601	1296	128.409782302	0.7
NM_213639	1142	609	170.361299208	0.72
NM_213133	1666	1430	264.413118372	0.78
NM_200720	900	852	422.212442242	0.83
NM_001145604	3234	2813	227.161717046	0.73
NM_001308825	7501	1009	106.394881354	0.71
NM_001013517	539	51	108.916270197	0.68
NM_001002137	991	866	198.535681056	0.71
NM_001105108	1254	1249	898.33427241	0.85
NM_001017752	1868	507	147.098433265	0.78
NM_200303	785	781	683.360624941	0.86
NM_131025	4186	4047	385.747454933	0.8
NM_205689	1543	1061	176.225511923	0.76
NM_001199952	1405	480	120.582660401	0.83
NR_145818	2099	2099	10465.6245552	0.91
NM_213331	1267	146	107.886974015	0.63
NM_131220	1791	1550	238.639455156	0.82
NM_212909	1162	379	148.96855657	0.82
NM_001089525	3846	493	115.933957389	0.74
NM_001043323	817	799	1524.20571685	0.75
NM_001126109	1921	1557	259.777508407	0.8
NM_212635	2442	280	110.985693039	0.68
NM_001033106	1940	1116	199.088075671	0.8
NM_001326710	1280	146	103.471522056	0.73
NM_194371	1972	1119	185.669135704	0.77
NM_001076560	2446	2135	273.030539029	0.79
NM_001002486	304	300	962.820556926	0.84
NM_001037424	1074	1070	1762.64626993	0.9
NM_131775	1163	109	114.359802382	0.79
NM_201336	2817	1720	192.439010283	0.75
NM_212605	1994	1416	262.027383816	0.79
NM_001200009	891	739	176.668435751	0.7
NM_001020477	3691	515	112.298066492	0.76
NM_001002487	411	400	524.481714609	0.83
NM_205541	1833	1603	262.679138474	0.78
NM_199567	2083	1132	172.168783	0.72
NM_131883	2454	2330	368.017708191	0.82
NM_001290080	3280	2372	212.381682226	0.81
NM_153672	571	161	115.347481822	0.63
NM_001007359	1887	495	138.77194915	0.73
NM_001002081	568	548	422.523416185	0.76
NM_001007446	1859	316	106.22396073	0.7
NM_131698	944	775	193.214175622	0.67
NM_177479	912	838	300.285876462	0.79
NM_200504	1868	200	116.591677384	0.63
NM_001271817	931	858	370.011037626	0.75
NM_131176	1454	1443	664.953385129	0.86
NM_001327744	3460	41	114.242761997	0.94
NM_001082882	1406	1050	182.91316978	0.64
NM_199655	2521	303	100.207560751	0.69
NM_213510	2570	1101	180.787673665	0.84
NM_001025503	1688	743	175.171516766	0.81
NM_001002383	1485	1466	380.040652818	0.79
NM_212632	2072	663	118.018003563	0.73
NR_138543	645	621	561.634656284	0.77
NM_001002505	686	168	151.778887905	0.88
NM_001110121	508	493	1099.28900146	0.91
NM_001037113	490	475	654.87057075	0.87
NM_001319650	804	577	399.938021012	0.88
NM_001289906	2416	2367	1544.49560465	0.87
NM_201488	2650	2110	248.218750106	0.79
NM_201579	1950	1807	471.28790922	0.83
NM_001130192	3149	3123	1303.03315004	0.9
NM_181758	1208	1189	488.632585708	0.75
NM_001014289	3974	3171	241.496645284	0.81
NM_001301360	2299	303	105.911132465	0.7
NM_131345	3453	1060	148.279184967	0.76
NM_201099	1899	1887	523.846037056	0.82
NM_200139	2498	472	181.290708054	0.89
NM_001017878	557	42	104.479375477	0.91
NM_201290	1901	1363	184.349079299	0.72
NM_200029	495	485	904.350785771	0.86
NM_199746	2436	2152	278.584416804	0.82
NM_201455	994	336	137.333951664	0.68
NM_200104	1558	1557	1314.25549286	0.83
NM_200220	2081	797	163.995142499	0.82
NM_001013443	4163	3542	298.415105519	0.81
NM_198366	2668	2413	715.354080424	0.85
NM_001040321	1659	1592	1622.98768957	0.9
NM_199697	1568	161	110.583531869	0.7
NM_001098184	6450	5004	214.681197229	0.8
NM_131686	3477	2078	209.548934198	0.79
NM_001077323	2565	142	102.1879247	0.8
NM_131710	2418	630	104.519388797	0.61
NM_001037702	3795	612	118.913351903	0.68
NM_200745	852	565	219.673697477	0.76
NM_197934	2550	673	146.512525512	0.83
NM_199540	2833	2308	241.521172616	0.78
NM_001045349	1628	1344	248.155410191	0.77
NM_001109741	1428	242	106.262018183	0.77
NM_001045564	1041	824	200.157754349	0.76
NM_213014	1822	1037	184.479084243	0.76
NM_001103116	1209	709	153.325553612	0.65
NM_001130667	666	223	141.101676957	0.88
NM_199428	1597	1509	834.532552678	0.83
NM_131320	2283	1030	152.220233827	0.72
NM_194367	1521	1406	1138.43169563	0.83
NM_201483	2936	961	138.62341953	0.66
NM_212692	2280	99	104.37626441	0.66
NM_199631	2191	407	122.343157945	0.68
NM_001003774	994	817	164.6020949	0.63
NM_200769	606	341	143.715032918	0.79
NM_212996	717	717	4101.89409206	0.87
NM_001025186	1368	183	101.10161218	0.68
NM_173238	3052	1839	183.953571039	0.8
NM_001002152	1741	907	177.460709515	0.75
NM_001202510	960	411	350.147645955	0.85
NM_001256194	1220	272	115.77413573	0.7
NM_201061	504	491	739.582231814	0.86
NM_001003528	4406	1385	101.318951208	0.64
NM_001105132	2669	773	131.803342164	0.76
NM_212599	3242	2929	252.882651448	0.71
NM_212797	1368	579	108.105203215	0.59
NM_001111155	1657	273	106.079128383	0.84
NM_198809	1593	1513	353.498367984	0.82
NM_173264	860	766	265.64758315	0.77
NM_001030074	4923	1960	157.610193528	0.77
NM_001282177	500	481	848.650526804	0.91
NM_173258	1894	1668	270.432496905	0.8
NM_131263	1753	1751	10028.2692559	0.88
NM_001024098	2200	146	108.7271988	0.73
NM_001159528	565	547	687.996532923	0.87
NM_201197	1295	142	115.88905165	0.65
NM_200949	1869	523	149.256856981	0.67
NM_001082795	1837	378	132.113394255	0.85
NM_001001811	1764	1143	211.489301995	0.79
NM_001008615	943	896	1721.45412954	0.81
NM_200999	1031	740	164.186043759	0.66
NM_213377	570	563	1320.97155729	0.88
NM_001003564	805	178	113.292256802	0.68
NM_001024073	1943	144	105.102900413	0.69
NM_213293	1692	1386	202.54217073	0.74
NM_001003844	919	797	338.818657236	0.85
NM_131851	1207	566	169.786894101	0.73
NM_001003411	2166	786	134.695871261	0.7
NM_201305	3465	2744	253.577468361	0.79
NM_213722	1391	1374	466.721638447	0.83
NM_001142543	1032	1017	437.842216066	0.74
NM_201467	1977	1913	312.516355107	0.8
NM_001003728	818	802	692.975973175	0.82
NM_198870	2196	1937	343.371231058	0.82
NM_001109866	1832	750	171.765290937	0.82
NM_214706	1706	1694	2602.50672093	0.89
NM_001089347	2094	171	103.030183684	0.82
NM_173222	1437	1183	259.963305946	0.83
NM_201484	2426	1020	129.910512711	0.64
NM_213107	1258	1251	881.142582179	0.85
NM_001309525	2542	2391	473.392475077	0.85
NM_200094	2754	1965	214.811514563	0.77
NM_213037	926	112	108.882128458	0.76
NM_201146	561	541	626.161045661	0.86
NM_001029956	2064	736	139.601517588	0.71
NM_200291	1360	228	120.8202767	0.63
NM_001277119	3428	792	131.946494327	0.73
NM_001013469	1184	156	109.314046602	0.67
NM_200099	1417	999	219.84924355	0.79
NM_200867	1249	1244	720.767670013	0.83
NM_213130	2003	1829	463.39472542	0.81
NM_205667	963	953	1092.94639846	0.87
NM_001012386	1197	177	124.440389274	0.69
NM_214774	1990	1043	157.394204441	0.74
NM_214686	1118	1030	273.310132774	0.8
NM_213092	1589	1523	419.19380838	0.8
NM_182866	2633	1741	318.597171878	0.82
NM_001281788	6521	4799	204.940222114	0.82
NM_213148	1200	192	122.590401619	0.55
NM_001127335	2544	1878	202.237086209	0.78
NM_205562	1110	1068	428.208651727	0.82
NM_200809	1096	44	425.642438048	0.97
NM_212587	1840	1836	1304.83351876	0.84
NM_001160335	1296	554	153.65831711	0.79
NM_001045402	900	883	542.860404206	0.85
NM_201331	1547	697	150.347460699	0.77
NM_001243037	635	608	543.266117837	0.89
NM_200750	463	459	708.164327689	0.83
NM_001098730	1026	1014	605.497556661	0.76
NM_001045013	3195	412	115.845163915	0.7
NM_173234	483	465	796.555309495	0.87
NM_001130604	2759	479	107.2050453	0.65
NM_001003890	2344	1339	158.431883618	0.69
NM_001031673	1322	1266	664.388450045	0.84
NM_212802	2687	285	103.696183845	0.62
NM_213236	1566	1549	662.708190596	0.82
NM_001309473	986	530	166.075698122	0.79
NM_214773	1667	1204	235.279805419	0.76
NM_173288	1300	179	109.008050244	0.62
NM_213124	1505	1403	704.760092858	0.82
NM_001017599	1089	587	138.253608437	0.67
NM_173233	520	435	671.801314193	0.85
NM_201466	2743	1891	197.864657886	0.71
NM_201514	2028	1922	372.948713694	0.79
NM_001017601	516	100	115.953150253	0.82
NM_178436	2616	686	129.101478253	0.72
NM_001351700	2305	1714	225.517307551	0.8
NM_200548	991	236	133.420474739	0.67
NR_132112	1059	980	386.039399521	0.81
NM_199547	2150	1572	215.010661319	0.75
NM_131331	1327	152	105.422614934	0.84
NM_131031	1672	1669	1293.40893158	0.86
NM_205576	956	213	121.435378969	0.77
NM_131425	1825	94	109.896897382	0.71
NM_212769	1831	524	133.663736316	0.67
NM_200304	1822	569	147.779507595	0.79
NM_212758	782	781	1658.01093609	0.85
NM_200295	1397	118	110.460602702	0.76
NM_199669	1459	976	230.629710192	0.85
NM_001017688	1620	117	116.439400052	0.6
NM_001105277	2672	2295	233.834031521	0.76
NM_001305582	4421	675	103.288632553	0.72
NM_131108	1261	735	158.967130673	0.7
NM_001113596	1641	105	121.345268864	0.64
NM_001030187	978	175	113.585772352	0.6
NM_212645	2409	2075	431.878797345	0.8
NM_001017565	1107	707	172.71717525	0.72
NM_201101	887	883	1663.5845255	0.85
NM_205599	1107	92	113.911294639	0.67
NM_001020531	880	486	234.736741375	0.89
NM_201315	2419	865	149.9035702	0.74
NM_212749	1287	547	146.702031226	0.66
NM_200881	1996	1574	224.604806557	0.75
NM_001029947	611	589	434.09174329	0.85
NM_213219	2351	1482	212.978538493	0.77
NM_200313	4358	42	114.684882991	0.97
NM_212675	1290	996	196.868932722	0.76
NM_001080034	1078	787	227.898873254	0.79
NM_001256207	3324	1524	147.147010575	0.76
NM_213479	1687	127	101.240703874	0.76
NM_212589	1828	1646	270.80643954	0.77
NM_199683	1121	1047	384.328696425	0.85
NM_001002411	1169	82	100.709156957	0.64
NM_199727	2361	50	357.609898333	0.93
NM_212586	3074	965	138.173325774	0.68
NM_194398	1339	1302	281.688385048	0.74
NM_001045552	2190	1023	175.195038789	0.73
NM_001113591	2287	748	148.460347956	0.76
NM_001002163	608	566	269.461697697	0.79
NM_213335	1416	598	150.752065064	0.76
NM_213481	2542	1392	171.98459039	0.69
NM_200080	2167	2160	1010.3624946	0.82
NM_001309458	1052	975	377.513444402	0.82
NM_212657	2706	184	103.489398093	0.66
NM_199932	2022	605	129.772112422	0.71
NM_131245	1002	985	441.452976756	0.85
NM_213168	2419	2370	1549.54299502	0.88
NM_001256652	3850	2948	260.266376591	0.8
NM_001017588	1752	1265	129.498611172	0.56
NM_001089551	2453	270	106.849208537	0.82
NM_200114	1681	971	161.063708193	0.73
NM_001077355	1851	1772	344.062116473	0.83
NM_212626	1541	217	118.891875104	0.66
NM_213302	1639	1627	1615.97825049	0.84
NM_131376	1589	405	140.093497161	0.74
NM_200369	1483	609	152.717594706	0.7
NM_212990	1305	1127	234.344342051	0.75
NM_198803	1558	332	122.649976929	0.74
NM_173236	2213	2174	453.626638513	0.79
NM_001003422	932	403	142.404379146	0.65
NM_198816	2652	439	119.134149985	0.68
NM_200016	1812	1400	184.918158589	0.71
NM_131128	954	524	109.74829679	0.57
NM_214792	1407	653	167.616855436	0.8
NM_001289907	2400	2267	1489.55715939	0.88
NM_200839	1497	1453	308.54904909	0.79
NM_212784	763	662	880.026211841	0.85
NM_200030	265	239	760.982988753	0.88
NM_213185	1250	1224	593.301453049	0.84
NM_001313699	1960	366	112.622864887	0.69
NM_001328559	2598	1575	191.319844838	0.79
NM_001098392	1870	316	146.56052817	0.78
NM_001291886	784	557	237.114560103	0.79
NM_001003763	1231	236	121.456542054	0.72
NM_001017574	1635	1616	455.081979349	0.83
