NM_001002152	1741	1629	109.479421826	0.8
NM_199949	1010	794	220.341984294	0.86
NM_173247	1264	1264	768.887476923	0.87
NM_001109866	1832	1794	1146.67754636	0.92
NM_194377	1599	1570	125.660909243	0.81
NM_200298	785	761	442.954179828	0.89
NM_201475	1685	1673	271.52145713	0.85
NM_212932	1336	1332	173.132540252	0.84
NM_001003890	2344	2337	343.603230098	0.89
NM_001017699	777	769	126.723781912	0.83
NM_001003529	2588	2559	104.737038501	0.8
NM_213131	1415	1393	172.611518982	0.83
NM_173264	860	796	115.915188759	0.85
NM_001033741	841	807	126.394083914	0.82
NM_200944	1033	1024	123.850446131	0.83
NM_001002069	344	338	163.788706888	0.76
NM_001126423	5006	4998	144.933264395	0.82
NM_001005401	3753	3556	107.335476163	0.83
NM_001013272	2053	2019	190.516192465	0.89
NM_213019	1049	936	235.049124225	0.9
NM_001077759	1821	1796	121.046271236	0.79
NM_001002572	1107	1091	116.833395646	0.83
NM_001327754	2519	2410	115.338142917	0.81
NM_212587	1840	1839	508.252849627	0.88
NM_001177453	903	898	106.42315789	0.8
NM_131376	1589	1577	265.915914979	0.86
NM_001082823	3440	3365	117.313552955	0.84
NM_199623	2532	2520	127.825207885	0.84
NM_200038	1491	1479	118.182033501	0.83
NM_131059	3350	3348	213.947919653	0.83
NM_212586	3074	3044	207.870915318	0.83
NM_001005769	1842	1828	143.610464205	0.83
NM_200646	3533	3443	110.74763355	0.78
NM_001025470	1776	1766	101.388909976	0.81
NM_201084	2789	2783	125.697511301	0.8
NM_213013	986	986	337.291533332	0.88
NM_200295	1397	1393	200.99253581	0.84
NM_212681	1104	1090	120.98702513	0.82
NM_212996	717	717	1210.07338702	0.89
NM_001109741	1428	1404	156.145421441	0.89
NM_001002203	755	739	149.100481367	0.84
NM_212790	1357	1350	230.831917114	0.86
NM_131310	2699	2662	610.508795059	0.86
NM_199575	2146	2109	214.003818884	0.85
NM_199863	2172	2163	184.325639377	0.84
NM_212833	990	984	538.776890173	0.86
NM_200100	1262	1225	112.359307024	0.81
NM_152973	2095	2073	115.726319542	0.8
NM_199820	4601	4564	107.523593693	0.81
NM_199595	2595	2589	215.869976016	0.84
NM_131309	1418	1166	384.99172867	0.86
NM_001017633	1921	1920	180.393675996	0.86
NM_199579	3282	3263	108.429155153	0.8
NM_213092	1589	1585	568.506414899	0.84
NM_001007055	1328	1321	157.094057809	0.84
NM_001002525	1577	1537	108.280259831	0.79
NM_212710	2233	2204	127.616340146	0.8
NM_200259	1808	1797	198.445605478	0.84
NM_001024098	2200	2178	139.834299534	0.83
NM_200059	1469	876	152.833200813	0.87
NM_001005937	2939	2934	217.759561748	0.84
NM_213486	1795	1791	198.684961324	0.84
NM_199708	2037	2037	579.929915769	0.87
NM_001256205	3476	3459	136.38290149	0.82
NM_199549	2669	2595	130.150167326	0.84
NM_001109740_2	1175	978	127.262761098	0.95
NM_199876	1622	1593	100.904315652	0.77
NM_001160373	695	654	105.906753298	0.87
NM_131031	1672	1669	398.05150824	0.87
NM_001002222	5860	5836	171.237965847	0.84
NM_001043323	817	812	613.117657345	0.84
NM_213151	1397	1368	116.063896205	0.82
NM_131247	1497	1493	304.05752307	0.83
NM_173249	703	687	134.506816962	0.84
NM_131245	1002	995	180.842486781	0.88
NM_001017874	1045	1029	194.222050379	0.86
NM_153669	2212	2206	235.540050518	0.85
NM_001110126	1521	1511	173.215115354	0.85
NM_200911	1640	1617	164.476355275	0.8
NM_001002596	1471	1455	146.948669454	0.82
NM_131345	3453	3414	122.836907004	0.82
NM_001003631	1108	1099	113.949473961	0.8
NM_131820	3292	3285	243.048217449	0.84
NM_001007776	1513	1479	107.381022859	0.81
NM_001007774	1090	1071	151.93480072	0.82
NM_212605	1994	1892	195.394428347	0.88
NM_001037424	1074	1074	861.849253075	0.87
NM_001271474	826	783	350.21743599	0.86
NM_001115095	3041	3006	290.97905908	0.82
NM_213475	2998	2983	111.965820411	0.8
NM_001145604	3234	3217	205.718797383	0.82
NM_131213	2019	1991	122.488055853	0.83
NM_152961	746	726	109.248395674	0.83
NM_001004003	3275	3260	262.818327328	0.84
NM_001025533	2603	2554	129.385067437	0.84
NM_001013273	3625	3557	147.621311379	0.81
NM_001114928	2027	2011	107.104405371	0.81
NM_213185	1250	1245	249.162036696	0.84
NM_214706	1706	1695	457.868089031	0.86
NM_001004601	3178	3162	302.954438089	0.86
NM_212787	1664	1647	122.94891219	0.8
NM_001328161	4268	4229	146.516493887	0.81
NM_201287	2030	2024	168.680119893	0.82
NM_214718	2014	1994	100.283663754	0.8
NM_001017797	1307	1307	813.961410939	0.88
NM_213490	1586	1573	165.184458882	0.84
NM_200564	1980	1894	130.769796404	0.87
NM_213503	4437	4417	146.935206063	0.82
NM_001302233	2395	2318	114.616343906	0.82
NM_131057	2859	2831	111.022284625	0.83
NM_173222	1437	1436	347.084798057	0.87
NM_001007359	1887	1821	114.892835582	0.8
NM_001030076	1433	1424	175.519816986	0.82
NM_213455	1346	1307	102.197762505	0.76
NM_001040351	3343	3191	113.346047275	0.82
NM_201153	832	830	145.191982895	0.84
NM_213514	2079	2029	105.59915405	0.98
NM_001077544	2495	2485	169.177181049	0.81
NM_001017899	1282	1197	139.131273881	0.85
NM_131112	2386	2377	497.913959017	0.84
NM_001004677	854	822	121.355770848	0.83
NM_201200	2559	2496	123.726122251	0.8
NM_001040043	498	498	387.827785708	0.87
NM_001045402	900	895	418.715817922	0.87
NM_153644	800	797	705.611867516	0.9
NM_173233	520	498	145.118492057	0.85
NM_001044811	947	900	106.078439824	0.83
NM_213053	2688	2676	211.538082679	0.82
NM_001079973	1842	1829	432.122887713	0.86
NM_200745	852	784	122.916405656	0.84
NR_132112	1059	988	103.867079406	0.84
NM_001045349	1628	1598	218.35222379	0.85
NM_001327845	953	934	275.939302801	0.88
NM_213374	1991	1970	103.103303722	0.82
NM_001076732	519	517	154.449730829	0.81
NM_001114425	1983	1965	135.76052327	0.83
NM_001100089	1610	1581	261.812430899	0.88
NM_201217	2259	2176	116.822506522	0.83
NM_001110414	1505	1495	281.566257017	0.88
NM_145195	489	480	143.478554216	0.85
NM_001110371	2492	2477	206.416699174	0.83
NM_001111168	1945	1940	196.428187071	0.84
NM_131508	1016	991	108.85543827	0.79
NM_001002104	1581	1571	128.539324532	0.82
NM_001076652	2835	2817	529.288440676	0.88
NM_131230	1880	1872	137.299497042	0.86
NM_199855	1873	1861	107.922438236	0.81
NM_181601	1767	1766	1151.02592018	0.89
NM_199956	2049	2049	365.387892426	0.88
NM_199763	3910	3908	121.925214903	0.81
NM_173258	1894	1892	261.776685315	0.85
NM_201577	2524	2497	159.612848301	0.82
NM_199562	1746	1742	172.920334837	0.84
NM_001013528	1199	1122	100.045918887	0.83
NM_001002139	610	609	325.013580918	0.89
NM_214768	3311	3298	134.870340779	0.81
NM_214817	1907	1901	153.677355384	0.82
NM_001302634	1322	780	146.049015162	0.82
NM_213208	687	685	207.070590412	0.85
NM_001328215	9210	9199	113.917211904	0.81
NM_201052	1066	1065	188.973214247	0.81
NM_213642	1927	1244	103.246621678	0.87
NM_199432	2083	2081	187.661636932	0.83
NM_001025460	2415	2399	108.548695407	0.79
NM_131620	1430	1412	197.744043368	0.86
NM_201500	2311	2239	106.04290617	0.77
NM_001161599	1896	1876	157.032414428	0.82
NM_199888	2218	2204	175.637058495	0.84
NM_001012366	2584	2571	101.882696647	0.79
NM_001103194	1392	1060	132.7301682	0.85
NM_131151	1311	1305	131.791910721	0.83
NM_213060	2913	2867	169.48243895	0.82
NM_001017637	1944	1899	137.616935574	0.8
NM_213434	3998	3977	137.844740075	0.8
NM_001080033	1298	1245	115.516368162	0.8
NM_001328035	2036	1244	106.382363966	0.88
NM_200143	2402	2369	111.01581249	0.8
NM_199779	2398	2304	118.581761281	0.82
NM_213077	5079	5078	314.757658302	0.87
NM_131670	1758	1749	183.188840069	0.81
NM_213377	570	567	308.617383457	0.88
NM_201309	2747	2719	119.15492567	0.82
NM_001005941	1106	1102	241.999498746	0.87
NM_173251	890	888	360.832153664	0.8
NM_001076629	1060	1045	169.666712604	0.86
NM_181603	4884	4863	104.60162364	0.77
NM_001044754	1503	1503	291.065188557	0.87
NM_205537	1272	1252	115.212081471	0.82
NM_200694	868	855	186.840446396	0.84
NM_001289907	2400	2389	241.607486196	0.87
NM_001020523	1307	1291	121.589977404	0.81
NM_177479	912	902	173.899961115	0.87
NM_199865	576	553	107.437098338	0.82
NM_212766	2522	2012	141.075048177	0.89
NM_200047	832	826	259.740247759	0.87
NM_201099	1899	1881	141.761163955	0.78
NM_199778	1440	1416	174.180812022	0.81
NM_213165	1693	1672	114.804024232	0.81
NM_213489	2128	2122	107.75850477	0.79
NM_213204	482	481	341.079674106	0.9
NM_001002106	1038	1038	344.542042424	0.88
NM_131456	3732	3710	172.191802629	0.83
NM_001111207	2027	2003	107.82440947	0.81
NM_131722	2285	2274	151.008699518	0.8
NM_200416	1414	1405	194.470030138	0.82
NM_001199737	2076	2043	140.521933481	0.8
NM_001089428	3015	3013	288.722676741	0.82
NM_001033107	2124	2042	202.545470304	0.82
NM_201488	2650	2619	223.669046754	0.84
NM_001301360	2299	2265	117.37020387	0.8
NM_200010	1237	1217	108.884925628	0.81
NM_001118895	1758	1718	110.921513627	0.83
NM_212708	2973	2973	631.340180376	0.88
NM_001002073	1238	1193	137.875868132	0.81
NM_212803	2808	2789	160.569489637	0.81
NM_200302	1501	1497	150.855832626	0.82
NM_001002081	568	568	489.829659233	0.79
NM_131493	1109	965	159.921154487	0.82
NM_131252	2569	2478	121.174001369	0.88
NM_181757	1865	1852	129.541465741	0.85
NM_199679	2346	2341	208.02215766	0.82
NM_001031676	2397	2389	429.019752978	0.85
NM_131455	2783	2748	219.006324701	0.85
NM_198142	2269	1860	153.38151152	0.87
NM_200701	1301	1280	138.050378734	0.82
NM_001006013	770	734	129.487265399	0.8
NM_001003622	1494	1494	1395.05400009	0.89
NM_001007450	2019	1939	140.627565543	0.84
NM_001256190	1048	971	289.13228633	0.87
NM_001030187	978	965	101.226877597	0.78
NM_199933	3311	3283	124.011292479	0.82
NM_001003598	838	748	181.88289083	0.87
NM_001127335	2544	2532	119.534181999	0.81
NM_201050	1959	1934	144.261824692	0.85
NM_200025	417	408	123.53698911	0.82
NM_001007059	822	815	182.195314179	0.8
NM_214746	3154	3094	101.41443308	0.77
NM_201089	3103	3034	112.762693281	0.8
NM_198366	2668	2425	420.802247432	0.88
NM_001114887	870	803	105.725900103	0.82
NM_131452	2133	2127	267.196322105	0.86
NM_198363	2192	2180	178.035985944	0.84
NM_001115114	1300	1299	366.782524724	0.86
NM_001030285	2720	2702	119.918564203	0.81
NM_212603	1499	1477	311.011562553	0.87
NM_001105108	1254	1254	747.861865353	0.85
NM_001100406	1393	1379	148.575267419	0.83
NM_001002688	2438	2428	141.151047069	0.8
NM_001007456	1865	1173	170.115941819	0.9
NM_212572	1919	1894	154.941113226	0.8
NM_001130192	3149	3131	670.497422844	0.85
NM_001305546	3508	3489	115.89385336	0.8
NM_001003731	915	904	197.009071774	0.86
NM_001123007	734	731	162.766812871	0.85
NM_201483	2936	2934	341.763355562	0.87
NM_001077735	2831	2812	101.41565428	0.82
NM_201122	430	419	129.58608941	0.86
NM_213148	1200	1194	167.76646803	0.79
NM_001100070	893	852	145.589166597	0.85
NM_001020750	2006	1990	109.386664337	0.81
NM_199799	1813	1769	110.23436035	0.82
NM_200504	1868	1849	117.368878874	0.8
NM_213417	619	595	298.230826948	0.87
NM_001089408	1642	1620	120.48861365	0.8
NM_001002527	968	690	372.969150549	0.87
NM_200317	3287	3266	103.429866779	0.8
NM_212758	782	782	713.756796291	0.88
NM_001002163	608	604	141.495418449	0.81
NM_001145579	3579	3563	211.603100258	0.85
NM_199588	1289	1143	204.758729092	0.85
NM_200386	1221	1196	177.128524464	0.86
NM_212657	2706	2706	314.883007699	0.85
NM_197933	1962	1940	128.204293542	0.82
NM_130922	2069	2067	536.696119039	0.86
NM_001327745	2576	2565	281.148636137	0.85
NM_199576	2107	2104	212.114404374	0.84
NM_199585	1876	1534	100.925493054	0.84
NM_131220	1791	1784	237.158649538	0.84
NM_200992	4540	4511	128.080785034	0.8
NM_001271817	931	913	295.595205615	0.88
NM_001326547	5457	5403	121.374587207	0.79
NM_212676	1015	1004	173.349772285	0.85
NM_001017632	1861	1845	222.564768114	0.86
NM_200023	654	652	227.440821235	0.87
NM_001115117	1974	1954	105.729657914	0.81
NM_001199436	4653	4600	313.085130344	0.86
NM_200458	2810	2809	623.69154239	0.87
NM_212711	2015	1822	108.014958787	0.81
NM_001320425	2084	2061	144.450735765	0.79
NM_212802	2687	2678	135.400850506	0.8
NM_001320203	2049	1818	129.083479305	0.88
NM_213014	1822	1818	185.454321329	0.85
NM_201480	1497	1487	193.133900506	0.86
NM_001077599	2818	2791	101.244650522	0.78
NM_213016	3014	3003	146.45784938	0.82
NM_001045013	3195	3179	146.51072855	0.79
NM_001081629	3711	3634	141.946694008	0.82
NM_001136488	2080	2047	100.121951457	0.83
NM_001099230	3002	2986	142.836355989	0.83
NM_001024407	769	762	179.975351884	0.81
NM_201449	2975	2958	148.96424298	0.84
NM_001002355	2291	2278	169.242517786	0.82
NM_001002468	1022	1005	220.190288426	0.86
NM_198877	1044	1043	166.202952611	0.82
NM_131351	1260	1234	118.269581966	0.82
NM_213236	1566	1561	379.922385572	0.84
NM_213070	1739	1722	124.24751111	0.78
NM_001351700	2305	1892	379.102252742	0.89
NM_213176	2872	2847	153.701579703	0.82
NM_194398	1339	1327	166.603558561	0.82
NM_213530	1628	1612	174.782279021	0.82
NM_001003872	2338	2290	102.896730238	0.81
NM_200502	613	613	239.166958188	0.84
NM_001003634	2085	2041	119.665167396	0.83
NM_200039	2248	2145	104.162214954	0.8
NM_001048149	944	917	124.33826688	0.8
NM_199746	2436	2419	188.870015635	0.83
NM_001244736	1475	1447	118.447341171	0.85
NM_001002499	530	437	117.943013617	0.83
NM_131686	3477	3444	175.067406568	0.85
NM_199773	1731	1726	209.806704378	0.84
NM_212599	3242	3225	124.183041582	0.8
NM_200099	1417	1320	148.194805938	0.84
NM_001007367	1852	1843	102.838964845	0.79
NM_198143	657	652	160.609242467	0.83
NM_001145786	3154	3108	101.099639352	0.77
NM_198911	2905	2873	126.134748239	0.83
NM_001100436	441	441	176.087196943	0.87
NM_001080054	2651	2632	201.532958653	0.86
NM_001005967	904	891	113.555877852	0.78
NM_200227	509	507	218.322742673	0.86
NM_201460	2889	2875	272.109978547	0.87
NM_201192	2166	2166	360.704479931	0.85
NM_001007375	881	856	425.916648461	0.89
NM_200026	515	512	484.004762368	0.85
NM_212684	3555	3549	116.996712915	0.79
NM_212735	2658	2603	139.695130193	0.81
NM_199677	2030	1912	169.06951288	0.83
NM_212628	1695	1689	179.546172929	0.84
NM_199755	1780	1754	129.731431407	0.82
NM_001256780	2608	2574	364.614765816	0.9
NM_001025537	2209	2190	111.370894077	0.79
NM_200179	1976	1950	121.115276716	0.81
NM_001098757	1759	1743	206.35415401	0.82
NM_001002013	3239	3220	103.539989293	0.79
NM_194264	1218	1191	292.870024227	0.86
NM_200008	762	748	153.885341151	0.85
NM_001002070	1279	1243	113.997289541	0.83
NM_001110127	2367	2325	104.732421832	0.81
NM_199428	1597	1527	434.786404339	0.87
NM_001080605	3471	3460	133.235625028	0.8
NM_001012485	1916	1892	133.462552351	0.84
NM_200495	1495	1495	369.502354784	0.87
NM_173263	1471	1470	263.871049106	0.84
NM_201501	2246	2206	112.552119184	0.81
NM_153663	2643	2595	119.397521234	0.81
NM_200171	1702	1676	278.984658329	0.87
NM_001110417	3935	3923	117.01200843	0.82
NM_001077535	2030	2030	288.410020481	0.84
NM_001080184	1867	1856	266.309041915	0.87
NM_201492	2157	2152	230.364623639	0.89
NM_212626	1541	1523	157.893066516	0.83
NM_178294	966	950	182.623085322	0.83
NM_001077250	1996	1969	167.446813138	0.83
NM_001001844	4242	4229	283.262709941	0.84
NM_001302742	394	368	119.380603214	0.79
NM_213293	1692	1670	116.772809493	0.83
NM_001005953	794	760	169.013912288	0.87
NM_200959	1797	1795	197.40952721	0.82
NM_200065	3086	3081	104.545277492	0.8
NM_131502	3174	3157	114.276577145	0.8
NM_131047	1625	1585	190.492989615	0.84
NR_145818	2099	1884	4589.90863977	0.86
NM_199825	965	950	203.024124319	0.87
NM_212937	1764	1762	442.012188669	0.84
NM_198807	2455	2420	178.362779873	0.84
NM_001017617	1991	1957	102.507821552	0.82
NM_201482	2117	2094	103.711547644	0.8
NM_213334	944	935	165.809744854	0.84
NM_212891	1624	1607	114.634923163	0.81
NM_213448	4203	4184	105.056916654	0.82
NM_001006105	1484	1438	107.777589439	0.83
NM_200766	1140	1124	194.054728667	0.81
NM_001007183	2470	2459	112.610920265	0.81
NM_213466	1532	1530	290.087747736	0.84
NM_201305	3465	3445	221.49216459	0.85
NM_213638	1000	994	203.020227248	0.86
NM_201039	867	843	129.896191809	0.86
NM_200157	2789	2783	120.499440735	0.78
NM_194373	2095	2067	103.505437131	0.82
NM_199943	2649	2638	120.909995026	0.81
NM_197937	499	487	179.179158714	0.86
NM_001126457	1515	1465	203.232039775	0.87
NM_205716	3669	3661	139.337250499	0.79
NM_001018165	3163	3157	137.566722755	0.83
NM_213034	513	353	237.292731296	0.9
NM_213336	1459	1421	1013.75946927	0.87
NM_212754	3274	3198	100.667905455	0.8
NM_201214	1758	1721	131.707070623	0.83
NM_201345	1738	1725	120.55458386	0.83
NR_015622	439	433	211.28532964	0.84
NM_131883	2454	2382	224.062462563	0.85
NM_001328190	3336	3260	130.584313811	0.82
NM_131282	1960	1774	112.472076081	0.76
NM_213428	1125	1119	139.226912572	0.82
NM_153659	2575	2574	254.441580802	0.85
NM_213529	1681	1636	124.056042796	0.83
NM_199986	1703	1692	108.335038692	0.82
NM_001040375	927	918	322.343506217	0.82
NM_001007159	2793	2680	102.946823357	0.47
NM_001003618	1299	1050	104.315346208	0.8
NM_205541	1833	1808	178.902106946	0.82
NM_212757	1834	1752	176.663668852	0.86
NM_201496	2160	2128	132.148494432	0.82
NM_001089544	1215	1143	372.68854742	0.83
NM_001128693	2431	2308	193.877360651	0.85
NM_131337	2643	2627	260.700510175	0.84
NM_200078	1580	1580	279.386037709	0.84
NM_213214	1843	1834	117.52394948	0.8
NM_001110121	508	506	221.505250631	0.87
NM_001002419	2672	2666	123.923917838	0.82
NM_199640	2424	2419	185.140357061	0.73
NM_001327996	1486	1342	101.954377334	0.92
NM_001327928	826	766	633.147764766	0.9
NM_173235	635	536	219.227614394	0.86
NM_131710	2418	1699	129.538086896	0.85
NM_001003548	978	959	153.398669622	0.82
NM_001080041	2858	2855	214.07698284	0.85
NM_201474	5109	5104	261.141133913	0.86
NM_200774	1411	1393	128.289262339	0.82
NM_001004635	1079	1072	142.408626971	0.83
NM_001001593	537	526	291.33377522	0.89
NM_198872	2941	2927	113.259436102	0.81
NM_001302478	479	465	192.756561234	0.88
NM_200550	1782	1716	110.312850097	0.8
NM_200993	2423	2409	156.462945856	0.84
NM_131442	1356	1352	121.402027081	0.78
NM_001328036	7934	6659	297.430736083	0.98
NM_200182	2697	2697	355.213225345	0.86
NM_200949	1869	1867	399.842037537	0.86
NM_001005978	1296	1259	101.622899597	0.8
NM_001002748	1493	1300	114.200253482	0.8
NM_199574	1813	1805	193.244817344	0.87
NM_001128680	1477	1454	118.952350184	0.8
NM_173237	1733	1710	126.622894444	0.81
NM_001004674	895	879	253.65342557	0.83
NM_198870	2196	2174	312.134049329	0.86
NM_200975	1284	1278	153.61304938	0.87
NM_001007180	1076	1039	138.493844767	0.81
NM_201043	1067	1050	172.042492596	0.83
NM_001114739	2663	2600	125.202376232	0.79
NM_131187	1662	1611	106.293650942	0.83
NM_001003434	357	314	158.337786692	0.89
NM_199925	1383	1380	310.119037887	0.82
NM_212818	1632	1620	1314.57986607	0.9
NM_173835	1772	1640	106.956673634	0.8
NM_199660	2197	2182	106.648595659	0.82
NM_199953	1856	1846	133.910655257	0.82
NM_205599	1107	1091	175.31455586	0.84
NM_001017994	1879	1759	115.635998203	0.85
NM_182866	2633	2159	424.004827315	0.87
NM_199546	1638	1636	323.121300296	0.85
NM_152972	2976	2975	290.817854653	0.85
NM_200815	451	450	254.823734653	0.83
NM_001004554	4235	3162	114.618214656	0.83
NM_199997	1964	1934	132.327942418	0.79
NM_213002	1422	1412	261.28358235	0.86
NM_200696	785	773	120.060761585	0.86
NM_153661	1378	1372	185.101030146	0.83
NM_213722	1391	1388	221.190944684	0.81
NM_001144803	2895	2857	117.274009496	0.76
NM_001002448	1520	1515	141.008708231	0.82
NM_201005	1653	1595	148.519194859	0.85
NM_001123279	1871	1849	137.879652243	0.84
NM_001045049	1708	1694	188.745743538	0.81
NM_212762	435	418	109.750779862	0.75
NM_200425	2026	2015	124.721664333	0.84
NM_212953	298	291	220.677420614	0.88
NM_212723	3491	3482	139.66254554	0.82
NM_001017739	862	839	106.225268008	0.81
NM_200467	1846	1835	110.80990226	0.81
NM_200221	1906	1883	132.300040191	0.82
NM_001007186	1224	1140	112.131210345	0.81
NM_200177	1899	1892	114.836367389	0.84
NM_199725	632	594	101.907918969	0.85
NM_212671	1372	1365	314.988929617	0.87
NM_201303	3213	3204	162.189028509	0.81
NM_199824	2976	2955	143.080237621	0.82
NM_001309267	2448	2381	234.207901746	0.84
NM_001282177	500	487	212.328870336	0.94
NM_001002333	1558	1548	109.764506814	0.8
NM_001003860	687	681	223.089803242	0.86
NM_001025471	1825	1790	114.670991364	0.84
NM_200056	904	896	187.328751407	0.81
NM_200103	2231	2211	219.138134659	0.84
NM_001326493	4171	4120	123.940772896	0.79
NM_001083544	548	537	118.527766661	0.84
NM_001044944	2270	2094	109.593783751	0.82
NM_131696	1734	1720	101.430415281	0.81
NM_001122844	4139	4117	113.388663447	0.82
NM_213181	1884	1763	115.742852817	0.8
NM_199669	1459	1455	198.423082289	0.81
NM_199590	1018	1001	116.009840768	0.81
NM_199760	653	624	175.225938182	0.85
NM_213479	1687	1674	309.97660588	0.85
NM_130948	1240	1237	540.877843076	0.86
NM_001002064	1628	1480	109.56006691	0.82
NM_001004667	1392	1385	225.757248412	0.87
NM_001005589	851	844	126.84932903	0.84
NM_200034	781	778	469.32798836	0.89
NM_198809	1593	1571	282.433365287	0.84
NM_001281721	1433	1433	1576.17735692	0.86
NM_198805	3777	3672	223.195317692	0.85
NM_201087	3796	3790	167.637174185	0.82
NM_213058	2340	2339	500.559375245	0.88
NM_001025503	1688	1673	242.189827507	0.83
NM_213124	1505	1476	402.913147259	0.85
NM_199636	728	713	148.395838646	0.83
NM_198913	3017	3001	109.102532464	0.79
NM_001128676	1476	1404	116.132374598	0.81
NM_001082798	1346	1306	151.598563257	0.82
NM_001002864	1690	1670	123.012328975	0.79
NM_199845	1826	1803	106.870503472	0.81
NM_201315	2419	2407	241.294244313	0.86
NM_205613	901	901	319.415431748	0.85
NM_001252559	2418	2392	121.67301666	0.81
NM_001001819	490	485	134.798460508	0.85
NM_213104	2249	2220	169.457507811	0.82
NM_001034970	1734	1722	228.965505926	0.85
NM_200260	1376	1276	112.545708309	0.8
NM_001003861	634	630	199.491000908	0.83
NM_212630	2077	2061	231.651162391	0.84
NM_001113591	2287	2286	197.802650924	0.83
NM_201336	2817	2815	759.90832785	0.9
NM_200094	2754	2748	201.00839609	0.88
NM_212675	1290	1275	130.126129153	0.78
NM_131382	1726	1698	111.587417903	0.79
NM_001018166	2664	2657	152.726321834	0.82
NM_001089347	2094	2061	125.162014056	0.83
NM_001309644	1435	1402	654.944082264	0.8
NM_199694	1483	1478	157.420751186	0.86
NM_001082837	2181	2139	109.540856399	0.8
NM_173241	2359	2339	135.041601345	0.8
NM_001289906	2416	2400	252.477951178	0.86
NM_200066	1645	1632	162.956170171	0.82
NM_001328586	881	841	101.303909418	0.85
NM_173236	2213	2206	272.032584823	0.85
NM_001013517	539	531	110.552707404	0.83
NM_213257	2641	2634	194.21298139	0.8
NM_205689	1543	1530	123.47439823	0.82
NM_212584	1391	1391	804.884889998	0.89
NM_213363	2054	2048	163.765502008	0.83
NM_001110403	2335	2335	1187.42012324	0.88
NM_199812	2747	2713	132.251962201	0.84
NM_001082797	919	677	102.278366256	0.85
NM_001002559	1858	1834	115.712598846	0.83
NM_001013469	1184	1165	135.944010171	0.84
NM_213079	1728	1723	180.264390198	0.84
NM_131450	2067	2001	492.310422391	0.92
NM_001017831	1128	1117	130.072530288	0.82
NM_200029	495	481	154.529144268	0.85
NM_001089427	2563	2540	117.130902405	0.78
NM_131404	1466	1403	400.911004607	0.88
NM_001131053	552	542	144.663339057	0.81
NM_001003429	771	754	183.03900446	0.83
NM_001024429	1877	1748	282.270341897	0.85
NM_199707	3859	3847	121.084347161	0.81
NM_201297	1684	1666	107.974896427	0.79
NM_212784	763	692	214.989310125	0.84
NM_212598	1558	1480	109.425296605	0.79
NM_001077603	3283	3265	172.325683127	0.84
NM_214721	859	822	176.941524343	0.81
NM_212612	2529	2469	224.022821952	0.86
NM_199569	1523	1509	171.941524697	0.87
NM_001031671	1213	1013	160.154214977	0.85
NM_001081749	2396	2375	168.530804768	0.83
NM_198070	2674	2649	220.632324996	0.85
NM_200988	2330	2311	118.131220793	0.81
NM_131077	1183	1156	105.875179549	0.81
NM_001044395	1041	967	158.764522198	0.83
NM_198140	1041	1041	613.383208043	0.89
NM_200958	1832	1825	196.865195832	0.83
NM_001001944	4039	3924	192.973093124	0.86
NM_212659	2024	1987	134.776119282	0.8
NM_130939	1435	1435	543.10701542	0.86
NM_199542	4070	4047	104.364333114	0.8
NM_001003869	1684	1674	139.295185534	0.83
NM_200060	2167	2138	138.173223363	0.83
NM_200096	1729	1729	278.589395172	0.86
NM_001015060	2812	1913	276.039334845	0.85
NM_001123389	4247	3627	144.056305099	0.84
NM_001200015	1903	1880	150.321275882	0.84
NM_001013443	4163	4055	233.601692539	0.85
NM_001017752	1868	1859	134.572855273	0.83
NM_131637	1945	1928	312.836520866	0.85
NM_200303	785	785	924.174709559	0.89
NM_001002478	640	581	163.427543881	0.81
NM_001113596	1641	1618	127.006211339	0.77
NM_001105599	1365	1353	200.581833011	0.83
NM_131734	904	884	309.337004532	0.86
NM_200621	3430	3425	246.513787272	0.84
NM_201060	620	618	263.433264176	0.85
NM_205667	963	961	656.499124417	0.89
NM_001128336	1845	1844	938.085696861	0.89
NM_200507	1775	1755	157.845103245	0.82
NM_201194	2282	2279	151.619091591	0.82
NM_001098392	1870	1870	932.237956009	0.87
NM_001029949	2986	2969	118.230455484	0.83
NM_213481	2542	2528	159.937805611	0.83
NM_213107	1258	1257	265.30252332	0.87
NM_213298	1609	1579	110.058870153	0.8
NM_181559	1968	1950	109.227674676	0.83
NM_001003995	1512	1489	114.788159018	0.82
NM_001037222	1931	1885	151.786957314	0.84
NM_200845	453	452	340.352074649	0.89
NM_001002703	931	889	153.016959396	0.81
NM_001166268	1318	1299	127.370131085	0.83
NM_131801	2124	2113	138.199854023	0.8
NM_212569	2189	2110	169.831227955	0.78
NM_199903	2246	2225	111.698346657	0.78
NM_001199675	1110	1079	179.904003724	0.86
NM_201176	975	954	108.155402333	0.81
NM_001024403	693	660	112.175343756	0.82
NM_213010	1631	1626	142.250227075	0.83
NM_131069	2357	2357	374.1564292	0.85
NM_200852	722	722	314.667779654	0.87
NM_199994	1598	1593	236.53798316	0.85
NM_001080034	1078	1053	114.089995129	0.79
NM_001089339	2002	1985	174.567294471	0.82
NM_001081747	1861	1807	141.637352931	0.82
NM_001353934	559	549	1798.13714111	0.9
NM_214723	1488	1430	217.218159981	0.83
NM_001044756	2636	2572	141.055148815	0.8
NM_001006005	498	494	197.661276104	0.86
NM_001002050	1276	1099	107.79853403	0.82
NM_001109839	2423	2307	217.66976196	0.89
NM_131679	2510	2488	126.721282894	0.79
NM_001097584	3917	3901	113.498956225	0.79
NM_001142954	1763	1677	125.993684073	0.83
NM_198806	2485	2484	261.679385554	0.86
NM_001105695	881	872	132.120839682	0.82
NM_001006022	1281	1274	190.2321381	0.84
NM_001083028	2853	2841	156.528340034	0.83
NM_201466	2743	2432	178.627644998	0.85
NM_212709	1904	1903	374.720795138	0.82
NM_001083577	3079	2982	130.394618756	0.82
NM_213493	1980	1979	303.817962916	0.86
NM_001326540	2454	2422	100.706365124	0.79
NM_130995	2082	2077	491.984984571	0.87
NM_001083546	4423	4391	179.833993112	0.82
NM_001309845	4701	4688	140.080503084	0.82
NM_001290080	3280	3054	293.719251672	0.83
NM_201579	1950	1825	336.962170868	0.86
NM_213350	1326	1313	118.89946984	0.8
NM_212909	1162	1154	686.203385039	0.89
NM_199864	1251	1200	114.068732963	0.82
NM_212832	2205	2178	205.266939914	0.86
NM_213068	2654	2653	232.145966392	0.86
NM_200736	1253	1236	115.075143859	0.85
NM_199996	1431	1180	277.940757196	0.86
NM_213223	1558	1556	281.433389027	0.84
NM_200027	727	726	208.21467283	0.84
NM_001024073	1943	1893	181.821638892	0.82
NM_214759	2298	2280	113.220795784	0.81
NM_001033108	1865	1858	233.101102274	0.86
NM_213188	2624	2597	149.072262227	0.83
NM_001004001	2067	1776	100.318762186	0.83
NM_001002082	950	926	188.659147267	0.85
NM_001002540	1536	1503	135.03977931	0.78
NM_001076560	2446	2413	116.588593842	0.8
NM_001009898	878	873	153.519947959	0.83
NM_001109740	1167	973	209.706989021	0.94
NM_001256652	3850	3830	185.629939937	0.85
NM_001243037	635	618	121.257665116	0.83
NM_001044902	1913	1899	151.045318612	0.84
NM_001017866	726	652	165.518017731	0.87
NM_200104	1558	1558	807.962686852	0.91
NM_214699	1423	1217	213.446304577	0.87
NM_199516	2304	2296	163.508316513	0.83
NM_200030	265	250	153.472167219	0.83
NM_213277	2437	2430	277.205655934	0.86
NM_213235	2369	2364	228.137624379	0.86
NM_201085	3198	3169	118.03748651	0.82
NM_200743	1036	1023	131.700597172	0.8
NM_001080196	2669	2661	161.997485559	0.83
NM_198922	2543	2530	130.4526948	0.82
NM_131594	2098	2079	127.730676686	0.81
NM_173224	998	997	576.135730231	0.85
NM_001080015	3658	3647	167.311137474	0.82
NM_200053	755	741	128.160214874	0.82
NM_001013542	2725	2689	114.780240078	0.8
NM_173240	1818	1798	111.281915158	0.83
NM_001201442	683	620	245.453695502	0.9
NM_212994	2227	2186	121.705283678	0.8
NM_199750	1632	1568	123.436013426	0.84
NM_131145	2634	2624	165.914796394	0.82
NM_001320131	10144	9926	116.163329579	0.81
NM_212763	1372	1357	123.965097364	0.8
NM_001039985	1602	555	129.655044567	0.91
NM_198358	2667	2655	194.72340367	0.83
NM_001033595	4350	4319	359.927196089	0.89
NM_213028	696	695	371.951083329	0.84
NM_001082481	3774	3763	148.199341157	0.82
NM_001045276	2510	2474	129.174570172	0.8
NM_199761	1288	1282	265.123799008	0.88
NM_001002720	2445	2416	125.624223558	0.82
NM_001044779	1182	1152	406.815453739	0.9
NM_199723	2044	2027	147.639787774	0.84
NM_001017858	1127	1083	109.459970003	0.79
NM_212589	1828	1814	118.247519378	0.83
NM_199218	1922	1899	151.967225049	0.84
NM_212985	1619	1610	128.330725898	0.82
NM_199932	2022	2013	158.859472639	0.83
NM_001089351	631	556	402.090387035	0.86
NM_199565	1546	1524	122.28046219	0.81
NM_001115140	2557	2516	155.35966228	0.84
NM_001098730	1026	1025	287.934756346	0.88
NM_001017851	1753	1717	109.439166835	0.82
NM_213317	2315	2210	637.860646301	0.9
NM_001201360	2281	2106	130.43421246	0.81
NM_198908	3473	3457	133.89789201	0.81
NM_001013345	888	886	246.800587289	0.88
NM_130941	4366	4365	383.196236898	0.83
NM_213302	1639	1639	1186.27672374	0.92
NM_194417	2696	2608	122.583405191	0.82
NM_200710	2233	2168	127.349489007	0.83
NM_001006082	1057	994	112.573876647	0.78
NM_001002072	1163	1098	120.30263776	0.83
NM_130925	1985	1985	859.80937039	0.87
NM_001012487	4758	4675	166.05089128	0.83
NM_001017688	1620	1614	127.475574572	0.8
NM_199547	2150	2148	153.152258446	0.86
NM_001003628	1513	1499	130.227708057	0.82
NM_213383	1824	1812	193.610928169	0.83
NM_001080176	1395	1386	140.660486878	0.83
NM_201481	2606	2574	118.533516225	0.81
NM_199740	1953	1944	141.958417013	0.81
NM_213435	1901	1866	129.577781559	0.82
NM_201061	504	499	182.928686688	0.84
NM_001004665	755	593	136.27200736	0.83
NM_001077378	2168	2122	148.576821768	0.84
NM_001002137	991	947	125.329427387	0.79
NM_214714	2273	2272	275.710951978	0.85
NM_201459	3038	3027	136.070407563	0.83
NM_001089525	3846	3753	208.068209706	0.83
NM_001003452	1457	1443	157.021098523	0.82
NM_199657	2645	2634	110.087023405	0.78
NM_001079703	1422	1412	121.508713513	0.85
NM_001044959	1736	1720	296.145116031	0.87
NM_001017801	916	909	125.737252029	0.83
NM_199653	2168	2150	118.019399021	0.81
NM_001111176	2020	1959	180.458832358	0.91
NM_001005931	2331	2309	173.00756272	0.83
NM_152951	2332	2310	168.641146871	0.85
NM_213021	826	799	102.561842268	0.8
NM_201146	561	558	161.163685134	0.85
NM_001002037	2089	2054	101.732797098	0.78
NM_001122654	3748	3579	111.879008441	0.8
NM_213168	2419	2403	252.426346588	0.87
NM_201082	2474	2468	165.840625614	0.84
NM_200046	629	456	140.025536676	0.86
NM_200125	1594	1569	220.409680648	0.85
NM_001017700	639	624	309.320138418	0.87
NM_001002378	887	887	518.798152867	0.86
NM_131331	1327	1304	139.267770775	0.88
NM_001309383	1906	1793	100.2758024	0.82
NM_199692	2181	2159	153.993092564	0.82
NM_200750	463	454	144.890677936	0.82
NM_001130697	679	446	134.12757165	0.99
NM_001013533	2369	2369	896.336380678	0.9
NM_198811	2870	2830	120.321759078	0.82
NM_001256631	2491	2471	190.025270906	0.86
NM_001002067	764	728	135.927362318	0.81
NM_213219	2351	2295	108.925903267	0.74
NM_001030227	3083	3063	122.148778189	0.83
NM_199716	1410	1373	139.95450914	0.83
NM_131855	3528	3492	101.852389779	0.8
NM_198375	3977	3961	133.053747923	0.82
NM_001037410	1566	1531	113.881915465	0.78
NM_131723	1610	1588	137.485061673	0.83
NM_201318	1400	1400	339.225797995	0.87
NM_001102634	544	281	122.466135167	0.92
NM_200650	2313	2265	467.230394434	0.88
NM_199278	1687	1655	101.90685064	0.82
NM_200068	3044	3033	179.984927156	0.83
NM_001270540	1921	1884	118.82506841	0.82
NM_194394	1014	996	117.313049652	0.81
NM_001033106	1940	1929	218.759945504	0.82
NM_213406	1601	1566	104.623293957	0.8
NM_001007120	2971	2928	123.362424426	0.82
NM_001003432	636	633	334.027712453	0.85
NM_213450	2688	2676	149.708341482	0.81
NM_199683	1121	1112	207.212322334	0.86
NM_001002079	503	499	157.944600553	0.84
NM_001003994	4054	4006	112.310589511	0.81
NM_001105588	2100	2083	125.957253927	0.8
NM_213145	1383	1376	177.65796764	0.83
NM_001326693	2839	2825	123.660546361	0.85
NM_001288658	2035	2027	136.965744069	0.83
NM_213442	3138	3124	116.066943602	0.76
NM_001030247	2625	2624	336.037185729	0.87
NM_001002677	1296	1227	583.371874573	0.87
NM_001126455	927	899	117.609378156	0.83
NM_199719	1526	1525	252.953169341	0.86
NM_131886	2252	2242	101.466229303	0.8
NM_200881	1996	1969	171.998499214	0.82
NM_131874	1663	1657	232.662586555	0.84
NM_199843	2780	2760	119.472088086	0.8
NM_200765	520	512	147.898740051	0.86
NM_199930	1981	1835	109.400080248	0.81
NM_213644	826	818	107.636658622	0.81
NM_001002521	960	953	139.912826156	0.83
NM_200129	1694	1666	120.624487991	0.81
NM_199839	2240	2112	109.10885126	0.82
NM_001014303	1968	1921	102.176042943	0.81
NM_213113	524	517	131.710027166	0.85
NM_212866	1539	1522	121.56705982	0.82
NM_001004296	3558	3521	102.667975343	0.75
NM_001077314	2329	2118	113.694225327	0.81
NM_001077322	723	704	146.714246203	0.82
NM_001042687	3427	3373	102.329915881	0.82
NM_212615	1918	1905	128.603695867	0.78
NM_001013300	2429	2423	270.12965879	0.84
NM_001024735	1269	1264	125.752274264	0.81
NM_001002121	2041	2036	163.730711155	0.84
NM_001002155	566	562	139.754524401	0.84
NM_199976	956	935	100.369521221	0.82
NM_201078	1493	1457	164.404302311	0.82
NM_212697	1759	1742	100.641666847	0.8
NM_001110388	538	402	115.337144908	0.93
NM_201584	658	658	958.269251724	0.89
NM_200977	1154	1130	106.088439718	0.8
NM_131580	1081	1077	185.733845666	0.84
NM_183069	1801	1782	121.593172774	0.81
NM_205673	1403	1386	368.629005045	0.85
NM_201513	1945	1936	211.724698158	0.85
NM_001003623	2252	2231	118.982475133	0.81
NM_173252	721	667	158.999278324	0.89
NM_213109	1610	1525	128.284190066	0.85
NM_001025453	1464	1144	146.623256092	0.89
NM_212653	2511	2491	147.03795764	0.84
NM_001042769	1471	1440	106.368650005	0.82
NM_001145359	1212	1169	105.322481527	0.79
NM_173253	4213	4197	131.757704208	0.82
NM_200446	2044	2032	168.742458629	0.84
NM_212940	3136	3116	128.332558985	0.81
NM_199430	1480	1480	924.750083399	0.87
NM_201298	2030	2018	263.923816893	0.85
NM_001008732	2434	2415	120.773596952	0.84
NM_131355	3115	3103	218.334558961	0.84
NM_200732	483	483	371.007396634	0.87
NM_001327886	2822	1661	125.083953799	0.92
NM_199885	3396	3371	124.844557009	0.81
NM_001025186	1368	1363	150.367568779	0.84
NM_180965	852	852	786.314903422	0.89
NM_201343	1686	1657	127.812031839	0.84
NM_001045388	833	816	106.141397565	0.81
NM_214722	3146	3126	121.275961908	0.82
NM_131569	3917	3901	119.06383418	0.78
NM_001017400	1168	1149	126.646099096	0.78
NM_173232	700	696	196.359235092	0.86
NM_130926	621	620	640.226582514	0.87
NM_131714	3483	3471	182.009019529	0.83
NM_201117	1162	1133	116.047807238	0.81
NM_001029956	2064	2055	114.023147306	0.8
NM_212635	2442	2431	155.759968681	0.82
NM_001025472	2588	2568	109.789614062	0.79
NM_001013536	1099	1057	228.021544261	0.86
NM_213364	2853	2835	696.540173206	0.87
NM_200089	4068	4056	134.936697799	0.82
NM_001003840	1070	1051	101.949921132	0.79
NM_131702	2559	2551	432.348181844	0.85
NM_199275	1743	1737	290.691559152	0.87
NM_201326	3052	3039	157.024627102	0.85
NM_201467	1977	1972	210.944077801	0.84
NM_213639	1142	1095	189.326971778	0.89
NM_200403	1359	1315	117.753002904	0.79
NM_131572	903	891	103.701025096	0.81
NM_001126109	1921	1877	118.222229694	0.82
NM_213439	1234	1234	938.964394305	0.92
NM_214773	1667	1639	1122.63088413	0.88
NM_001024409	1233	1225	679.394693325	0.86
NM_201588	2454	2437	117.143435272	0.82
NM_200976	7541	7496	103.755754346	0.78
NM_213640	2749	2734	181.004296036	0.82
NM_213290	3042	2945	102.834887982	0.8
NM_001328507	1428	1378	116.460478757	0.81
NM_180964	755	755	1239.05545297	0.9
NM_212663	2972	2940	141.206260628	0.85
NM_199749	1558	1482	105.138607996	0.83
NM_131491	2596	2589	158.861284959	0.81
NM_199481	1939	1938	649.359608043	0.84
NM_200919	1303	1292	122.564746294	0.82
NM_001003875	2443	2427	111.85021339	0.83
NM_001037430	1977	1966	110.611268941	0.81
NM_201101	887	887	1022.17269249	0.9
NM_001003758	1471	1455	202.956854672	0.86
NM_201125	1851	1829	106.969070059	0.82
NM_181330	2728	2662	135.961462195	0.85
NM_001083818	2481	2448	114.894681162	0.8
NM_212990	1305	1288	136.783286376	0.86
NM_131189	4935	4914	243.261245948	0.85
NM_001277446	6296	6279	206.498924455	0.81
NM_198210	2720	2718	205.215227524	0.83
NM_001139462	1351	1337	131.23469807	0.77
NM_001001889	2350	2343	265.354240581	0.83
NM_001102676	5182	5137	179.098122367	0.85
NM_199540	2833	2611	188.182785509	0.86
NM_200839	1497	1494	146.21443445	0.85
NM_199771	1782	1778	446.687703575	0.89
NM_001256729	1792	1780	139.812022098	0.85
NM_213178	1954	1953	464.373167771	0.86
NM_200028	466	459	132.502027851	0.82
NM_001159528	565	551	127.767370814	0.82
NM_001313770	853	835	688.51684182	0.91
NM_213072	1521	1478	155.106447846	0.83
NM_214756	4697	4680	113.224521915	0.8
NM_200771	1335	1259	297.611659605	0.89
NM_001003447	678	663	162.061006559	0.82
NM_001001590	1354	1300	333.779301394	0.88
NM_201290	1901	1893	116.7063583	0.8
NM_213510	2570	1859	208.428998112	0.93
NM_001113800	1290	1105	100.593816933	0.81
NM_001351701	2205	1785	354.22963916	0.89
NM_001007364	1096	1086	164.557470976	0.86
NM_213382	1769	1764	298.154272659	0.87
NM_001105526	393	377	142.344610411	0.89
NM_213099	2644	2631	196.093057284	0.86
NM_001037393	1370	1308	104.092511592	0.8
NM_213037	926	908	118.458791052	0.83
NM_001082551	5347	5307	128.962072267	0.82
NM_001002505	686	682	201.278912628	0.87
NM_001111162	2367	2327	116.03808733	0.79
NM_197934	2550	2530	158.523436931	0.8
NM_213335	1416	1393	110.396601237	0.81
NM_001004652	514	479	136.026890323	0.89
NM_213144	4896	3856	127.021290217	0.83
NM_001128529	3977	3967	114.355565551	0.8
NM_001004494	2262	2258	202.719798547	0.85
NM_199571	1120	1115	106.83756686	0.82
NM_001309458	1052	980	104.246224327	0.83
NM_001320404	2510	2450	119.334003643	0.81
NM_200720	900	870	257.922963714	0.85
NR_132113	1666	1606	313.901155189	0.9
NM_001312882	1918	1872	197.469259556	0.87
NM_205668	1493	1474	117.060020611	0.79
NM_001007361	1550	1462	122.202026853	0.84
NM_131585	1058	1058	942.115538782	0.89
NM_201062	1892	1889	143.86072656	0.84
NM_001037386	2280	2249	164.685393946	0.87
NM_213182	1676	1644	150.113450939	0.84
NM_001017593	1279	1273	702.443777402	0.9
NM_001308825	7501	7485	118.516989445	0.81
NM_200185	1558	1558	162.486243571	0.86
NM_001030239	2705	2686	188.480276969	0.84
NM_001044332	2091	2081	241.741008577	0.82
NM_001004289	2206	2176	127.664189542	0.83
NM_205558	1625	1606	102.709342066	0.8
NM_001017769	1380	1283	261.813676492	0.84
NM_131368	2562	2530	110.064766071	0.85
NM_194408	2698	2681	103.928878548	0.78
NM_213262	2403	2393	185.852091574	0.87
NM_212660	4024	4007	176.898608503	0.83
NM_001014289	3974	3974	310.136185189	0.86
NM_001007766	2462	2461	165.037533935	0.83
NM_198121	1234	1208	295.745283656	0.8
NM_001044320	3758	3717	154.408452261	0.83
NM_001005927	3621	3604	145.062604523	0.81
NM_199983	2598	2589	169.597187541	0.85
NM_001037700	1568	1535	117.860467721	0.8
NM_201088	2471	2396	114.111296205	0.81
NM_001030277	4308	4297	147.430249602	0.8
NM_199671	1288	1282	286.130427776	0.87
NM_001328342	1608	1597	274.280371306	0.86
NM_001103116	1209	958	117.953825008	0.83
NM_001002604	1704	1415	134.842164529	0.85
NM_199684	4125	4080	105.051699394	0.8
NM_001009889	2617	2175	222.683473684	0.83
NM_212764	1590	1562	120.145397419	0.82
NM_001044324	3798	3798	277.87356611	0.82
NM_213015	1944	1916	450.069098349	0.92
NM_183072	3116	2969	128.211710367	0.83
NM_001080806	7312	7293	198.869671538	0.83
NM_213278	2414	2398	110.090810892	0.83
NM_001077285	1662	1635	125.175042437	0.82
NM_213001	2776	2715	104.830788032	0.79
NM_001002078	399	370	364.608261918	0.92
NM_194366	2181	2159	135.049169798	0.83
NM_212703	3846	3837	191.810455349	0.83
NM_001002068	805	804	192.171377988	0.85
NM_001308551	1728	1681	110.376357151	0.82
NM_173234	483	477	275.890545877	0.87
NM_205562	1110	1107	294.91161227	0.86
NM_173248	2072	2061	166.019412033	0.83
NM_213180	1506	1490	438.026405155	0.85
NM_200219	618	596	104.763148452	0.84
NM_001008627	2362	2351	136.134715429	0.82
NM_001004641	1029	1027	107.307320471	0.79
NM_001105277	2672	2652	153.900822484	0.82
NM_001017574	1635	1634	565.475682373	0.88
NM_200752	630	621	208.295294129	0.87
NM_212597	953	925	204.929748799	0.86
NM_212977	1620	1606	498.219638467	0.83
NM_001083573	1082	1059	102.316821622	0.83
NM_001145694	1937	1904	114.447999175	0.8
NM_001020605	737	692	100.804819231	0.84
NM_001080609	3345	3340	281.531744607	0.85
NM_214811	2239	2227	190.130225184	0.85
NM_213076	1897	1885	114.069183518	0.81
NM_001002427	555	545	137.828662366	0.86
NM_001346309	2477	2439	108.937552471	0.84
NM_001114406	2982	2962	118.815048253	0.79
NM_212632	2072	1791	144.710478445	0.82
NM_001012316	494	493	160.87553916	0.86
NM_199591	1983	1961	100.299844884	0.81
NM_201191	379	374	161.005838837	0.85
NM_199769	1960	1957	116.197847424	0.82
NM_001111175	1214	1201	116.17449315	0.79
NM_201468	1862	1832	350.861212313	0.86
NM_199711	2891	2887	132.502622946	0.84
NM_199782	2184	2119	321.971882191	0.87
NM_001003532	1764	1745	159.080451137	0.84
NM_213351	1541	1536	241.465069807	0.84
NM_001003437	962	954	124.880468014	0.81
NM_001007060	2420	2316	121.047039178	0.83
NM_200107	1423	1390	231.433092475	0.85
NM_213536	1947	1935	111.002448797	0.81
NM_001002486	304	303	300.909930136	0.88
NM_001328091	2932	2881	108.584539157	0.82
NM_173238	3052	3033	156.000593195	0.85
NM_200086	1012	1012	879.23408065	0.89
NM_201177	964	955	135.69675443	0.84
NM_131444	1040	1038	450.947119107	0.87
NM_001003868	590	585	126.70003073	0.78
NM_001077804	1835	1794	894.289357452	0.87
NM_200258	2133	2120	144.325108641	0.83
NM_213093	1800	1781	135.953094824	0.81
NM_201129	2859	2854	115.905971226	0.78
NM_200769	606	448	139.677930363	0.8
NM_001198751	711	485	278.483126306	0.85
NM_001145554	4414	4358	138.822762545	0.82
NM_203321	3203	3174	107.253759275	0.79
NM_200090	2770	2716	111.421793761	0.81
NM_213279	889	886	198.442381884	0.81
NM_001013265	1080	1062	117.535392563	0.78
NM_200304	1822	1811	155.866994541	0.85
NM_213446	2005	1959	144.500921262	0.83
NM_131294	747	718	178.088200721	0.86
NM_152949	1899	1898	784.9989954	0.88
NM_213331	1267	1251	107.271404463	0.81
NM_001160362	665	652	107.135023026	0.87
NM_131573	742	740	213.868011092	0.86
NM_001029947	611	606	110.232425466	0.79
NM_001077726	1324	1306	104.470055293	0.81
NM_213641	1708	1562	575.732290971	0.87
NM_212993	966	960	103.076046465	0.82
NM_213535	1851	1811	144.962347338	0.82
NM_212731	1287	1281	125.65139301	0.82
NM_200510	2353	2332	118.28360637	0.79
NM_001328559	2598	1799	148.075027661	0.83
NM_001122749	4702	4669	120.106782911	0.82
NM_001045552	2190	2182	216.083598963	0.84
NM_205627	2866	2848	109.270697482	0.77
NM_001040321	1659	1599	316.525717492	0.9
NM_001017565	1107	1087	105.597318708	0.84
NM_001079988	1867	1864	150.416590835	0.84
NM_001044882	1306	1258	102.500998953	0.77
NM_194374	4303	4277	145.257045974	0.81
NM_001017896	893	871	140.110610228	0.81
NM_001328003	1314	1185	118.592983977	0.91
NM_200257	3057	3041	115.688715256	0.82
NM_131263	1753	1753	1345.39144006	0.89
NM_001044983	507	490	118.544818601	0.84
NM_001002058	1464	1444	102.551627185	0.8
NM_001172570	2593	2589	113.866269794	0.82
NM_001077355	1851	1848	372.244161438	0.85
NM_212725	2193	2163	118.328028552	0.79
NM_198821	2152	2125	125.545286433	0.81
NM_214793	694	693	257.340805058	0.86
NM_200867	1249	1241	158.10142462	0.83
NM_001045064	6953	6937	135.320573496	0.79
NM_001002557	975	871	117.306648402	0.83
NM_213294	1525	1511	144.815376235	0.8
NM_199535	768	758	454.626180184	0.85
NM_131513	1495	1495	1467.83890745	0.88
NM_001044809	4571	4538	188.796471242	0.84
NM_201993	2669	2651	102.460999904	0.79
NM_001002866	472	472	163.14690743	0.81
NM_214696	2658	2643	455.076104819	0.85
NM_199631	2191	2123	155.18747156	0.82
NM_131176	1454	1453	359.029051209	0.84
NM_213370	1821	1786	125.287996762	0.81
NM_199734	1635	1621	164.468422972	0.83
NM_001282033	1209	1129	105.442214949	0.82
NM_001001940	3162	3146	103.170764178	0.81
NM_205606	955	943	102.315160034	0.76
NM_214783	1935	1924	143.959636251	0.81
NM_001003640	1732	1720	167.841557779	0.85
NM_001309531	1197	1186	592.74086411	0.96
NM_201469	2279	2250	108.674090073	0.82
NM_212591	1717	1704	134.754051737	0.8
NM_001001399	1042	998	315.4176666	0.83
NM_001007168	1086	986	134.144196815	0.84
NM_201477	1088	1088	425.803177977	0.84
NM_213440	2146	2126	133.495298137	0.84
NM_183071	1312	1287	1158.51534958	0.91
NM_001007383	1101	1082	197.19568502	0.85
NM_001243178	360	329	191.440108129	0.87
NM_200713	813	798	230.631831819	0.86
NM_178290	1341	1268	118.353067921	0.82
NM_001013471	1225	952	144.358117833	0.87
NM_131761	833	667	227.177087196	0.86
NM_212986	1706	1633	102.767468267	0.81
NM_213080	2202	2158	449.51220196	0.88
NM_199548	1566	1561	262.009656383	0.87
NM_213157	1702	1689	125.681654963	0.81
NM_001127333	2139	2137	331.11218735	0.86
NM_001309525	2542	2482	223.946317468	0.86
NM_001003648	2563	2535	130.66155152	0.81
NM_001162502	4392	4377	141.330917666	0.82
NM_213062	4111	3996	126.91837522	0.82
NM_212641	1956	1941	104.986245794	0.81
NM_001045485	2328	2302	121.330921718	0.8
