NM_212977	1620	1514	415.302504197	0.51
NM_201214	1758	1714	221.883093255	0.76
NM_199823	1848	1823	211.411454224	0.81
NM_001002575	1120	1099	187.698949246	0.64
NM_212626	1541	721	101.166685283	0.63
NM_001003447	678	653	222.261611656	0.79
NM_001080609	3345	564	103.376481241	0.67
NM_200974	1246	956	129.318120078	0.57
NM_131686	3477	2175	133.873088624	0.56
NM_199669	1459	1386	211.884490213	0.59
NM_001006082	1057	989	156.607742947	0.77
NM_001110388	538	443	226.934331216	0.95
NM_214768	3311	1734	112.514397242	0.51
NM_213045	1311	1182	135.478337857	0.71
NM_001045276	2510	2204	151.580421692	0.59
NM_001044320	3758	1531	104.555291383	0.57
NM_213250	3048	1516	113.991031652	0.48
NM_001105599	1365	1329	246.209979624	0.49
NM_001003503	1289	1254	108.22551894	0.6
NM_001002113	2024	1727	102.138251973	0.69
NM_001024407	769	762	221.285244759	0.65
NM_199824	2976	2311	138.795011695	0.61
NM_213335	1416	1380	108.11424069	0.69
NM_001004641	1029	1022	157.274555853	0.65
NM_001080605	3471	1965	115.164375392	0.47
NM_001002703	931	885	201.685588458	0.7
NM_214773	1667	1639	1322.32807039	0.82
NM_173263	1471	1456	232.029420975	0.7
NM_201287	2030	1993	125.175400265	0.59
NM_001045388	833	825	278.724403107	0.82
NM_001002139	610	609	481.210840862	0.82
NM_213034	513	352	377.04995208	0.89
NM_198366	2668	2092	396.247089205	0.52
NM_199755	1780	1558	116.498732598	0.53
NM_180965	852	852	1839.36103169	0.71
NM_201305	3465	2493	174.425432344	0.53
NM_001044944	2270	1652	111.158207774	0.55
NM_214721	859	814	237.343946662	0.66
NM_131331	1327	1292	175.736538367	0.71
NM_130925	1985	1976	552.829890015	0.46
NM_201084	2789	2651	102.2528512	0.53
NM_001045349	1628	1564	251.296862029	0.75
NM_200736	1253	1233	148.248241148	0.73
NM_131760	1239	983	115.871227824	0.46
NM_001328036	7934	2465	236.8433042	0.92
NM_212985	1619	1391	130.590748791	0.64
NM_001045426	819	733	140.877600213	0.65
NM_207074	505	480	113.412524514	0.73
NM_131247	1497	1484	306.427746834	0.62
NM_131187	1662	1513	102.998971067	0.57
NM_001007059	822	814	250.039808343	0.69
NM_213124	1505	1418	437.956200279	0.63
NM_001089339	2002	1978	194.696973225	0.57
NM_131599	1227	970	218.021788542	0.77
NM_001098392	1870	1830	645.023665378	0.52
NM_001082798	1346	1227	104.45312466	0.58
NM_001003758	1471	1460	272.664329964	0.71
NM_199430	1480	1471	923.825044364	0.5
NM_001002487	411	393	124.539652765	0.78
NM_001006019	1571	1516	121.338243779	0.63
NM_201316	2183	1883	101.204930221	0.61
NM_001025533	2603	2357	124.153658389	0.57
NM_001080196	2669	2268	166.442102758	0.53
NM_001002486	304	304	514.46909311	0.84
NM_199983	2598	2585	374.747026201	0.57
NM_205541	1833	1667	170.870089872	0.53
NM_001017593	1279	1248	910.58786846	0.53
NM_001044959	1736	1721	544.454425617	0.61
NM_152972	2976	1883	234.902312094	0.7
NM_001163988	1482	1367	129.140876684	0.67
NM_001007383	1101	934	184.828680636	0.51
NM_001007351	1001	761	102.631687654	0.58
NM_130995	2082	1752	444.519444164	0.57
NM_201203	1616	1575	109.749106928	0.72
NM_001080034	1078	916	117.773803989	0.62
NM_213439	1234	1234	1500.86475413	0.64
NM_001003414	1644	1608	188.618147314	0.79
NM_200304	1822	1786	175.583253698	0.64
NM_001003756	989	708	102.580472151	0.67
NM_213640	2749	1915	161.387646483	0.47
NM_001002521	960	940	168.332565393	0.56
NM_001326707	1301	1030	109.773162659	0.64
NM_213131	1415	1377	137.603541133	0.69
NM_152961	746	718	150.451902633	0.69
NM_212723	3491	3245	197.401754811	0.37
NM_001017797	1307	1306	735.040805455	0.6
NM_181601	1767	1764	840.000476678	0.62
NM_001080176	1395	1392	385.485898774	0.69
NM_131294	747	718	281.424585289	0.71
NM_199953	1856	1520	137.457224573	0.55
NM_213277	2437	2219	239.488333885	0.46
NM_001003840	1070	1038	154.672247046	0.66
NM_213446	2005	1613	132.553932743	0.62
NM_194398	1339	1335	259.158225394	0.65
NM_173252	721	597	175.798269579	0.82
NM_001081749	2396	1643	141.726825832	0.58
NM_131456	3732	1453	116.034095447	0.6
NM_001082837	2181	1742	138.125763265	0.54
NM_001145579	3579	3066	152.053485355	0.5
NM_001123389	4247	3134	147.725497191	0.57
NM_214707	2486	1846	119.456499755	0.63
NM_213481	2542	2118	123.377518551	0.6
NM_212708	2973	2839	496.712366271	0.65
NM_200295	1397	1378	205.791488603	0.63
NM_200801	1181	1017	113.178832211	0.61
NM_001256652	3850	1855	109.088667153	0.44
NM_001161487	585	532	163.194464692	0.76
NM_199888	2218	2190	189.466240976	0.63
NM_213638	1000	993	379.320449537	0.67
NM_213151	1397	1353	131.985186706	0.63
NM_173233	520	453	179.657688529	0.79
NM_214811	2239	1268	167.859681575	0.54
NM_001044324	3798	3796	274.922069445	0.46
NM_001320425	2084	2027	168.55771779	0.61
NM_001079961	2760	2640	142.423930437	0.65
NM_001025516	1563	1430	103.060839886	0.59
NM_214718	2014	1993	160.13450667	0.68
NM_001044811	947	894	131.420475605	0.62
NM_200502	613	613	256.949977066	0.78
NM_212587	1840	1816	438.637432362	0.62
NM_131508	1016	979	108.045992946	0.63
NM_213015	1944	1589	371.145541551	0.59
NM_199535	768	758	597.867374451	0.65
NM_213530	1628	1200	158.098096961	0.51
NM_001002106	1038	1038	516.869629968	0.76
NM_212572	1919	1049	114.858047512	0.58
NM_001040299	1434	1385	106.722783515	0.68
NM_001002104	1581	1565	150.259180482	0.68
NM_199876	1622	1302	122.893841747	0.47
NM_001030239	2705	2450	182.714245948	0.53
NM_001327845	953	920	374.870842305	0.71
NM_001327928	826	765	1116.13830457	0.7
NM_152949	1899	1821	612.957437003	0.63
NM_001198751	711	497	643.213218909	0.74
NM_173241	2359	1776	141.783177794	0.49
NM_001326708	1284	1108	117.273651134	0.61
NM_001127333	2139	1338	222.883790641	0.64
NM_213002	1422	1378	233.938458969	0.67
NM_214696	2658	2638	497.92163814	0.48
NM_200030	265	250	235.74543922	0.84
NM_001309525	2542	1597	128.393090107	0.55
NM_001302634	1322	821	234.612269507	0.84
NM_198142	2269	1591	135.60361123	0.52
NM_001025503	1688	1367	220.050823282	0.65
NM_001005941	1106	1063	268.471795128	0.64
NM_131337	2643	2199	217.538374662	0.49
NM_213336	1459	1421	1371.10610298	0.67
NM_001037384	1567	1433	111.141748404	0.64
NM_131580	1081	1057	138.912607888	0.66
NM_212932	1336	1333	331.841742524	0.7
NM_214699	1423	1198	260.802370775	0.69
NM_001024735	1269	1250	138.416986658	0.58
NM_001025460	2415	1950	230.249113486	0.37
NM_213641	1708	1403	584.986727181	0.81
NM_001040321	1659	990	279.189166078	0.68
NM_213157	1702	1635	152.594981963	0.56
NM_131594	2098	1714	110.489091562	0.49
NM_212632	2072	1798	239.440582641	0.78
NM_001017831	1128	974	145.967433394	0.57
NM_001003860	687	675	246.945203071	0.55
NM_001013443	4163	2292	178.517859273	0.55
NM_001007774	1090	1046	198.158829971	0.53
NM_199729	1901	1680	125.500331792	0.76
NM_200720	900	856	289.456051823	0.66
NM_206829	1328	1303	154.936649874	0.71
NM_131189	4935	4116	287.549550635	0.47
NM_212660	4024	2339	100.304780227	0.44
NM_200029	495	470	159.777862026	0.74
NM_001020688	1329	1085	103.87523959	0.66
NM_213486	1795	1764	198.974604931	0.62
NM_001100406	1393	1381	225.860524951	0.72
NM_199930	1981	1777	111.014395694	0.49
NM_213181	1884	1603	116.435364701	0.55
NM_212628	1695	986	138.989341561	0.66
NM_001114406	2982	2172	109.58570578	0.58
NM_213536	1947	1722	104.77951826	0.59
NM_173835	1772	1546	124.65723514	0.4
NM_001007456	1865	1089	173.323094022	0.68
NM_001256631	2491	1483	115.606414595	0.57
NM_131524	2159	1932	151.514661973	0.59
NM_001025472	2588	1946	110.585319883	0.62
NM_001003861	634	628	222.548183798	0.67
NM_001002179	2637	2090	108.575711455	0.65
NM_213334	944	932	228.332154063	0.71
NM_212909	1162	1154	894.771655245	0.6
NM_201176	975	941	138.944814506	0.68
NM_212605	1994	1664	189.288737042	0.6
NM_001309531	1197	1186	769.300969549	0.75
NM_001017752	1868	1509	108.953649309	0.75
NM_001312882	1918	1701	168.739744491	0.44
NM_213107	1258	1255	241.243182329	0.7
NM_001002121	2041	1951	163.530667392	0.63
NM_145195	489	486	478.605701278	0.85
NM_199843	2780	1771	147.174695674	0.66
NM_214706	1706	1647	208.407551429	0.58
NM_001013345	888	880	305.168918236	0.76
NM_131450	2067	1998	428.910326346	0.39
NM_001007061	1339	1280	103.267687335	0.6
NM_214793	694	690	256.095614401	0.8
NM_001003411	2166	2147	102.315212405	0.63
NM_173234	483	476	451.53730107	0.87
NM_001080033	1298	1222	140.814782268	0.68
NM_214817	1907	1879	162.048330554	0.53
NM_001002072	1163	1058	128.7719972	0.61
NM_001024399	989	965	139.565877931	0.72
NM_201298	2030	1892	233.033345479	0.58
NM_173249	703	659	165.768532637	0.58
NM_001100070	893	876	545.244756016	0.8
NM_197937	499	491	437.367107309	0.74
NM_001003731	915	902	260.408352415	0.75
NM_212595	2011	1943	146.962376944	0.54
NM_131512	2178	2056	177.870167073	0.65
NM_001002867	8579	7277	145.529505809	0.65
NM_001017700	639	612	316.212222861	0.56
NM_001002050	1276	1083	157.53362323	0.7
NM_001256190	1048	972	369.789064383	0.65
NM_212833	990	971	659.425946457	0.73
NM_212657	2706	2533	292.801628455	0.65
NM_131761	833	656	167.341903112	0.76
NM_199746	2436	2321	184.958736366	0.59
NM_001002748	1493	1301	177.455201144	0.57
NM_201331	1547	1439	142.873985664	0.66
NM_001002056	1394	1263	105.88574202	0.65
NM_001172570	2593	2033	109.231954369	0.64
NM_212591	1717	1695	141.128768836	0.64
NM_001305546	3508	1602	115.661115341	0.47
NM_173232	700	681	212.249114045	0.75
NM_200025	417	402	232.021914038	0.78
NM_198870	2196	2117	315.254388759	0.55
NM_001005953	794	745	187.746841235	0.6
NM_001017874	1045	1020	236.168417751	0.71
NM_001089351	631	556	674.215392069	0.77
NM_001100089	1610	1536	259.428069983	0.63
NM_001089408	1642	1610	143.555472808	0.57
NM_200047	832	826	292.461305191	0.76
NM_001105526	393	368	237.567509439	0.82
NM_199516	2304	2295	195.114976765	0.55
NM_001002688	2438	1471	110.705908313	0.59
NM_213722	1391	1381	178.828796731	0.6
NM_200403	1359	1256	127.406687896	0.59
NM_131883	2454	1992	187.014803411	0.59
NM_001102392	571	559	102.082180588	0.71
NM_200161	1795	1535	103.793024391	0.49
NM_201087	3796	2518	135.122389166	0.55
NM_200958	1832	1659	167.310985658	0.43
NM_201061	504	493	277.091814084	0.8
NM_213080	2202	2150	394.273197081	0.51
NM_200096	1729	1634	266.305403348	0.61
NM_207071	1695	1559	104.223196107	0.63
NM_201454	2292	2126	114.377041976	0.56
NM_001017400	1168	1103	135.866685091	0.63
NM_001002866	472	472	241.85461628	0.83
NM_212986	1706	1192	114.430798631	0.63
NM_214723	1488	1427	192.669190669	0.7
NM_001160409	1279	1082	129.860611983	0.74
NM_213377	570	569	479.574926386	0.85
NM_001243037	635	617	174.903880496	0.83
NM_194377	1599	1555	135.75664182	0.64
NM_001081747	1861	1661	142.387557235	0.55
NM_001160373	695	637	126.338550487	0.83
NM_199996	1431	1151	272.359542859	0.66
NM_199677	2030	1073	124.759147244	0.65
NM_001017863	937	907	114.922694228	0.74
NM_200972	1057	948	115.426669954	0.63
NM_212581	3212	2239	104.941940098	0.48
NM_173238	3052	2334	109.023215823	0.54
NM_201459	3038	1843	110.42180633	0.47
NM_199850	1154	1122	105.047163506	0.66
NM_001045402	900	874	449.33752616	0.67
NM_001002068	805	805	516.385747065	0.73
NM_131637	1945	1398	233.337918796	0.62
NM_213317	2315	1709	490.79498508	0.58
NM_213279	889	864	171.079877498	0.75
NM_200078	1580	1423	151.46544122	0.68
NR_015622	439	428	161.615466324	0.79
NM_001001844	4242	2205	145.455090774	0.5
NM_198210	2720	2686	178.542724124	0.53
NM_001113596	1641	1581	120.948756995	0.56
NM_001003429	771	751	252.496695419	0.73
NM_001017801	916	906	145.050188749	0.67
NM_001110126	1521	1512	292.371183524	0.65
NM_001008627	2362	1311	101.47667414	0.55
NM_001012316	494	489	209.207485895	0.79
NM_212566	1185	1163	187.062754371	0.74
NM_199653	2168	1787	118.698076989	0.55
NM_001076732	519	519	223.419250098	0.76
NM_001003869	1684	1678	413.763611348	0.66
NM_001002505	686	675	246.814308026	0.71
NM_001003998	867	835	116.797719479	0.68
NM_001037108	818	603	106.389614183	0.72
NM_199694	1483	1034	176.456281964	0.65
NM_200383	1275	1167	103.667488358	0.51
NM_001002440	876	727	109.50370908	0.6
NM_131573	742	738	228.208554902	0.73
NM_001327898	2644	1664	105.768750825	0.55
NM_001039985	1602	513	102.584068838	0.89
NM_199602	1906	1724	101.075362895	0.52
NM_212996	717	717	1022.77047848	0.57
NM_200845	453	452	604.607969047	0.87
NM_131710	2418	1548	122.51663626	0.54
NM_001013453	1298	1114	113.991765922	0.62
NM_001002557	975	864	164.603033322	0.76
NM_001115140	2557	1671	134.938096869	0.6
NM_001131053	552	552	439.601068008	0.46
NM_201584	658	658	1294.72828848	0.76
NM_001007347	1727	1698	143.666821722	0.68
NM_199518	2000	1306	115.971615345	0.69
NM_001018165	3163	1859	125.972657833	0.45
NM_131404	1466	1401	361.940558398	0.63
NM_001002484	1091	1035	110.188774311	0.57
NM_131513	1495	1478	1386.01408004	0.61
NM_205580	1191	1172	249.103429755	0.73
NM_001004635	1079	1061	198.582217656	0.7
NM_001002160	1522	1465	120.805134462	0.74
NM_001130597	765	722	137.997749543	0.57
NM_205667	963	956	576.257061514	0.5
NM_001077285	1662	1125	124.37535622	0.58
NM_213257	2641	2592	261.445978166	0.49
NM_001003648	2563	1697	119.259203053	0.64
NM_001004289	2206	1551	116.754165802	0.64
NM_001040375	927	916	474.288285691	0.76
NM_213417	619	595	371.209443628	0.72
NM_153661	1378	1279	142.421170851	0.42
NM_001098730	1026	1016	336.011964443	0.77
NM_213294	1525	1187	142.420666258	0.66
NM_001001590	1354	1299	317.515346121	0.74
NM_131263	1753	1751	1190.73594591	0.64
NM_200752	630	622	341.925210622	0.83
NM_213428	1125	990	181.817561622	0.65
NM_213644	826	816	126.954938378	0.72
NM_001024409	1233	1225	1012.18085531	0.75
NM_212584	1391	1373	712.643243163	0.63
NM_001003551	880	867	162.570614941	0.69
NM_001111176	2020	1095	107.271976133	0.55
NM_200919	1303	1290	182.399976145	0.79
NM_199724	483	456	143.656395734	0.7
NM_001002534	818	797	127.473497395	0.74
NM_001171068	2666	2538	114.219849445	0.59
NM_001080087	1141	894	117.588213743	0.72
NM_001003995	1512	1489	183.39831113	0.63
NM_201496	2160	1670	119.294281862	0.57
NM_205708	1069	1031	117.825685482	0.66
NM_200068	3044	2277	155.915286981	0.49
NM_213053	2688	2338	155.133734779	0.45
NM_212803	2808	2168	141.262810111	0.42
NM_001003623	2252	1680	104.773030374	0.48
NM_201138	1662	1128	116.333259673	0.53
NM_001044902	1913	1421	145.834787922	0.61
NM_201078	1493	1229	132.190298751	0.65
NM_130926	621	620	982.490389658	0.87
NM_201043	1067	915	149.99861149	0.64
NM_213109	1610	1292	116.691077436	0.67
NM_001003868	590	575	182.926193907	0.8
NM_212762	435	419	175.525479735	0.79
NM_001017637	1944	1774	137.151996337	0.59
NM_201085	3198	1893	104.671314029	0.54
NM_131057	2859	2380	123.564708656	0.63
NM_001115057	1765	1625	124.009496027	0.55
NM_001045049	1708	1683	236.617348147	0.4
NM_213235	2369	1899	191.416023227	0.55
NM_001351701	2205	1769	355.893682726	0.56
NM_001290080	3280	2035	221.112732179	0.43
NM_199716	1410	1258	128.643495172	0.5
NM_001043323	817	784	665.215003836	0.68
NM_001001819	490	483	204.756477515	0.73
NM_001007055	1328	1278	164.598431237	0.6
NM_001037700	1568	1274	109.041311768	0.59
NM_001111162	2367	1527	107.529682242	0.49
NM_001127470	488	415	128.126177777	0.76
NM_001015060	2812	1723	245.841966569	0.56
NM_200732	483	483	618.304909748	0.86
NM_001145786	3154	3058	125.624061859	0.57
NM_173264	860	788	141.643017994	0.69
NM_194408	2698	2100	108.548095792	0.58
NM_199855	1873	1652	111.613628802	0.64
NM_001244839	1213	1115	102.930462848	0.71
NM_001017851	1753	1668	114.080242501	0.6
NM_199825	965	896	161.893527049	0.6
NM_173236	2213	1964	229.847645764	0.45
NM_001020624	1047	743	100.371451662	0.63
NM_205606	955	923	110.014920069	0.63
NM_001326532	2345	1788	123.880825102	0.58
NM_001005927	3621	1841	125.444942412	0.56
NM_199564	1259	1059	102.946717937	0.64
NM_001002203	755	750	290.112898275	0.83
NM_199864	1251	1127	117.239780489	0.56
NM_001302478	479	462	244.829537776	0.72
NM_001110121	508	505	331.216631994	0.83
NM_199740	1953	1844	141.375772477	0.52
NM_001079973	1842	1763	367.428338051	0.63
NM_131145	2634	2018	133.932981778	0.54
NM_001258317	1001	942	106.611825321	0.82
NM_001024098	2200	1832	122.996052382	0.39
NM_131382	1726	1141	112.126050366	0.53
NM_199679	2346	783	108.136914961	0.71
NM_213639	1142	1080	310.605753537	0.81
NM_001110414	1505	1474	302.495822044	0.54
NM_001001593	537	526	371.271859887	0.88
NM_131702	2559	2146	416.112385121	0.6
NM_198872	2941	1315	100.051482847	0.68
NM_200743	1036	868	141.980362103	0.54
NM_212790	1357	1324	279.230690638	0.66
NM_131310	2699	2661	485.352380736	0.58
NM_199719	1526	1505	321.030420167	0.56
NM_001013300	2429	2375	231.873473043	0.41
NM_212784	763	676	263.170653119	0.69
NM_213145	1383	999	162.573942709	0.49
NM_200039	2248	1687	119.67485084	0.54
NM_213010	1631	1623	185.097039713	0.63
NM_194394	1014	993	180.392729207	0.7
NM_001004652	514	490	339.913039457	0.8
NM_001081629	3711	1798	105.737283834	0.55
NM_001044983	507	473	136.236122246	0.72
NM_200099	1417	1304	168.104783938	0.69
NM_199432	2083	2020	200.867659018	0.64
NM_001045848	1378	1343	184.599108398	0.72
NM_001013552	1015	800	142.987838844	0.56
NM_183072	3116	2417	163.967437674	0.49
NM_200961	1367	1336	148.55461566	0.78
NM_001003863	2277	1779	112.178177907	0.64
NM_200944	1033	1006	133.811190523	0.56
NM_001017896	893	875	245.408184631	0.81
NM_200386	1221	1194	215.105051353	0.68
NM_131775	1163	1139	122.171185598	0.61
NM_199997	1964	1221	126.526055959	0.65
NM_001089525	3846	1562	148.146156149	0.61
NM_001002572	1107	1035	152.423443687	0.59
NM_201318	1400	1400	421.741119384	0.77
NM_198807	2455	2397	300.390691883	0.56
NM_152951	2332	2019	141.09814769	0.48
NM_200765	520	509	247.293172084	0.82
NM_001003618	1299	1014	137.116243456	0.84
NM_001003888	644	634	159.412770134	0.77
NM_001309640	3873	1956	159.277496509	0.53
NM_200458	2810	2801	530.161254362	0.57
NM_001020758	1123	1086	109.16431265	0.68
NM_001004665	755	587	180.521008935	0.65
NM_213204	482	481	495.774777312	0.85
NM_212764	1590	1396	115.931189619	0.58
NM_131059	3350	1548	136.814044856	0.64
NM_212603	1499	1281	279.442575785	0.59
NM_205673	1403	1051	284.615131202	0.49
NM_001123279	1871	1672	149.206547582	0.63
NM_199822	2064	2033	107.315583549	0.63
NM_130939	1435	1427	934.897347588	0.53
NM_131220	1791	1767	293.383793207	0.63
NM_200298	785	767	952.145018157	0.82
NM_001037691	926	761	133.05476715	0.67
NM_201004	538	522	116.09347728	0.71
NM_213104	2249	1941	186.58535999	0.6
NM_001083577	3079	2949	154.631363534	0.63
NM_001123007	734	730	244.666553425	0.72
NM_212635	2442	1862	125.833409378	0.51
NM_131833	1490	1445	145.89786224	0.52
NM_212681	1104	1080	160.343410004	0.69
NM_001044332	2091	1658	202.264899808	0.48
NM_130922	2069	2055	447.568564354	0.58
NM_183069	1801	1648	109.912659205	0.5
NM_001281985	1215	1135	101.469767653	0.56
NM_198121	1234	1207	854.86620566	0.73
NM_001006105	1484	1192	125.660044231	0.71
NM_173258	1894	1765	182.417085797	0.53
NM_199548	1566	1543	295.486040045	0.61
NM_001002684	2073	1945	116.365565169	0.5
NM_201332	1605	1497	123.516571981	0.65
NM_001089544	1215	1143	476.316767392	0.73
NM_200026	515	512	783.348403166	0.87
NM_201125	1851	1716	125.718654251	0.68
NM_001037424	1074	1060	882.24402535	0.66
NM_199934	980	776	108.697289068	0.59
NM_001002495	436	374	111.865439985	0.79
NM_201480	1497	1452	178.430575796	0.58
NM_199760	653	599	192.888106712	0.57
NM_001080806	7312	2668	111.740501447	0.61
NM_001114887	870	770	113.26465891	0.68
NM_199772	1594	1520	126.474063367	0.41
NM_001017829	964	862	125.788125443	0.67
NM_199799	1813	1222	101.512652796	0.54
NM_001159825	533	457	137.079963838	0.75
NM_001013469	1184	1153	135.052284094	0.7
NM_131151	1311	1167	101.762774856	0.52
NM_001044809	4571	3254	134.664559637	0.44
NM_001126482	3181	2221	104.776405071	0.53
NM_212952	393	388	173.768675135	0.79
NM_001126455	927	904	195.592494164	0.73
NM_199591	1983	1777	113.9122845	0.6
NM_173266	486	471	174.087473303	0.76
NM_001003432	636	632	531.165719217	0.82
NM_131309	1418	1132	332.887465573	0.62
NM_001256194	1220	1198	161.609425078	0.7
NM_213462	1939	1632	102.631321555	0.7
NM_130912	2296	1523	103.157526601	0.5
NM_201488	2650	2089	176.155167677	0.56
NM_212832	2205	1395	177.602119324	0.68
NM_200710	2233	1479	122.368133673	0.68
NM_199956	2049	2033	284.669177447	0.61
NM_001040043	498	498	558.505493776	0.87
NM_001126422	735	641	299.248786885	0.82
NM_200774	1411	1293	119.339793829	0.59
NM_201141	184	168	176.992248465	0.85
NM_001017833	1224	1183	101.339573319	0.64
NM_001002082	950	921	250.153984182	0.71
NM_001045562	1826	1641	130.081307645	0.57
NM_001309644	1435	1387	716.533753015	0.63
NM_001002355	2291	2233	145.032547606	0.47
NM_001351798	728	617	121.620479044	0.74
NM_199949	1010	793	322.633655295	0.78
NM_200006	1388	1104	137.154894191	0.6
NM_214783	1935	1843	140.889545936	0.55
NM_200086	1012	1012	1188.11992174	0.72
NM_212763	1372	1242	133.819365784	0.67
NM_001118895	1758	1712	131.599657111	0.68
NM_001002164	1610	1454	107.514575901	0.53
NM_001110371	2492	1841	180.591383411	0.59
NM_001005978	1296	1268	147.833574662	0.69
NM_001004677	854	819	154.053213212	0.7
NM_198804	1162	1131	124.756295412	0.64
NM_001076629	1060	1045	214.850169596	0.7
NM_001024073	1943	1536	176.661798676	0.64
NM_200696	785	762	169.384701723	0.71
NM_199993	1443	1208	120.489411075	0.52
NM_199576	2107	1427	177.631241137	0.7
NM_131252	2569	2095	133.635269348	0.64
NM_001126433	4113	3682	100.215457364	0.53
NM_200839	1497	1487	138.210624962	0.62
NM_131355	3115	2931	183.050014264	0.37
NM_153644	800	792	920.184130677	0.75
NM_213493	1980	1973	298.21369195	0.63
NM_001017632	1861	1822	202.532683965	0.55
NM_001007372	974	966	157.15130948	0.63
NM_001003532	1764	1540	148.244685772	0.59
NM_201993	2669	1971	100.71576396	0.51
NM_001033741	841	778	158.333420651	0.74
NM_200100	1262	971	102.287829108	0.53
NM_001111168	1945	1317	175.705358701	0.53
NM_001024405	951	928	142.315679364	0.75
NM_173235	635	533	308.181792972	0.75
NM_131069	2357	1551	231.714233781	0.58
NM_130948	1240	1233	587.124172375	0.62
NM_213176	2872	1928	129.059960515	0.54
NM_200260	1376	1315	122.817859846	0.53
NM_001002527	968	687	399.08285461	0.76
NM_199671	1288	1170	293.095845544	0.72
NM_001256193	1325	1317	175.263843731	0.72
NM_001001399	1042	977	392.58445817	0.74
NM_213013	986	986	373.709044532	0.66
NM_001013471	1225	952	206.902818614	0.75
NM_001025535	1024	876	111.485304836	0.69
NM_200227	509	495	291.166531095	0.68
NM_212612	2529	1579	128.842503941	0.56
NM_001007158	961	904	103.667272251	0.67
NM_212953	298	288	391.326959091	0.82
NM_199839	2240	2106	160.450853231	0.49
NM_001353848	2062	2012	107.143623301	0.69
NM_001004001	2067	1769	114.373558675	0.78
NM_001270540	1921	1490	117.873514589	0.56
NM_201577	2524	1520	170.036718537	0.46
NM_001111195	1051	1006	100.24263943	0.61
NM_001080751	1766	1704	141.230072391	0.55
NM_001076556	1931	1832	154.226843662	0.6
NM_001030227	3083	2092	113.47620688	0.53
NM_001002698	998	900	109.471365475	0.69
NM_212671	1372	1335	353.101168843	0.65
NM_201468	1862	1809	345.910293148	0.58
NM_213514	2079	775	146.390664726	0.89
NM_001076591	1014	955	102.219593539	0.61
NM_001080695	1195	1055	107.475365586	0.58
NM_001003890	2344	2333	474.559573117	0.58
NM_001166268	1318	1161	114.656689914	0.52
NM_001128336	1845	1844	781.52687628	0.55
NM_001005949	954	816	105.43090774	0.72
NM_200053	755	729	147.311210463	0.54
NM_173251	890	873	346.034709215	0.57
NM_198363	2192	1853	152.003202038	0.61
NM_201122	430	410	184.185294408	0.78
NM_131442	1356	1000	118.970795788	0.6
NM_001017601	516	495	129.475318284	0.8
NM_212726	1694	1519	105.717265209	0.58
NM_199952	1472	995	107.711491684	0.57
NM_199812	2747	1893	115.189081262	0.54
NM_001244736	1475	1377	126.434183732	0.61
NM_212937	1764	1751	379.883480489	0.57
NM_213383	1824	806	137.748198812	0.54
NM_001013344	748	652	105.473551719	0.61
NM_200713	813	794	236.491945825	0.8
NM_001003843	777	757	160.134227479	0.79
NM_213363	2054	1805	106.454666976	0.58
NM_001002499	530	426	115.174265743	0.73
NM_152953	2185	1979	152.668159664	0.46
NM_201192	2166	2116	329.163428065	0.63
NM_001077804	1835	1791	694.746812931	0.5
NM_001109741	1428	1381	226.538978398	0.77
NM_199809	1701	1496	122.080607747	0.63
NM_001004561	2028	896	109.487747329	0.6
NM_001271474	826	769	361.579766435	0.4
NM_001017866	726	660	232.489255664	0.8
NM_001105277	2672	2429	123.499119762	0.59
NM_200103	2231	1985	185.75017606	0.55
NM_001002079	503	496	276.104059493	0.77
NM_001013533	2369	2367	852.986078558	0.53
NM_201466	2743	2343	158.039912962	0.51
NR_145818	2099	1878	27050.7993728	0.92
NM_213072	1521	1450	153.522742184	0.56
NM_212725	2193	1848	108.427860037	0.54
NM_200258	2133	1767	148.258583475	0.57
NM_200010	1237	1186	137.884930933	0.61
NM_001281721	1433	1427	1248.13146607	0.47
NM_200008	762	759	413.017013472	0.79
NM_001271817	931	881	315.299331685	0.6
NM_001199720	2183	2146	161.276174846	0.79
NM_001328190	3336	1959	101.737397812	0.51
NM_212597	953	903	230.234767604	0.54
NM_001111207	2027	1921	109.004395561	0.61
NM_001004675	823	705	100.578718567	0.55
NM_199862	2181	2055	105.934176721	0.52
NM_200182	2697	2385	275.691071616	0.54
NM_201153	832	826	169.638167765	0.76
NM_001037222	1931	1456	146.178347173	0.59
NM_001002067	764	705	161.166289725	0.59
NM_001161599	1896	1866	260.290735515	0.68
NM_214701	708	680	115.811021714	0.69
NM_212709	1904	1891	398.244901802	0.58
NM_199636	728	711	193.509050288	0.78
NM_205599	1107	1069	206.049363069	0.68
NM_001145359	1212	1168	190.605723839	0.73
NM_001001724	1252	1202	122.799381346	0.65
NM_001114425	1983	1753	119.541073348	0.62
NM_197933	1962	1922	120.824145323	0.61
NM_131351	1260	1202	154.489849131	0.46
NM_199549	2669	1623	120.75661047	0.61
NM_201129	2859	2284	123.679973642	0.43
NM_001013536	1099	1012	317.998664069	0.55
NM_200525	502	490	144.976770097	0.75
NM_201065	1326	1288	183.268022625	0.76
NM_213406	1601	1512	145.187695283	0.6
NM_001001889	2350	862	130.458430626	0.7
NM_001002155	566	550	173.290629588	0.77
NM_198805	3777	2892	175.498473751	0.4
NM_213168	2419	2111	163.992061791	0.46
NM_001034970	1734	1289	191.328664738	0.47
NM_214714	2273	2268	277.887335896	0.73
NM_212703	3846	3530	177.427846235	0.54
NM_131801	2124	1507	115.886633345	0.54
NM_177479	912	855	157.837877109	0.45
NM_001003544	1244	1201	101.353425086	0.65
NM_001002069	344	339	296.75189677	0.82
NM_213180	1506	1501	1048.89922746	0.7
NM_201191	379	374	222.514408376	0.8
NM_212757	1834	1657	182.64670065	0.62
NM_001288658	2035	2024	212.608873798	0.63
NM_001007180	1076	1054	153.70500813	0.76
NM_173248	2072	2009	156.496403419	0.53
NM_001313770	853	831	1060.03390796	0.61
NM_001256780	2608	2549	540.323526684	0.61
NM_200028	466	455	196.007173719	0.8
NM_200507	1775	1269	181.005644168	0.42
NM_198806	2485	2451	257.594781278	0.66
NM_213077	5079	3440	193.712612797	0.45
NM_001002677	1296	1224	672.967401497	0.65
NM_200750	463	450	252.382119402	0.86
NM_201460	2889	2817	204.017833381	0.49
NM_001319650	804	576	120.320335255	0.73
NM_001002478	640	555	177.422781146	0.6
NM_200261	2924	2372	115.589993984	0.56
NM_200495	1495	1463	301.181187993	0.57
NM_001328091	2932	1991	128.297216199	0.65
NM_200745	852	770	154.629781352	0.7
NM_201308	3289	1747	125.983802465	0.45
NM_201060	620	616	320.9184031	0.76
NM_201039	867	834	171.118512315	0.72
NM_001006022	1281	1273	243.163347217	0.76
NM_001012487	4758	2334	104.601976127	0.41
NM_131878	1123	1099	116.342873814	0.56
NM_001030247	2625	1856	301.415829575	0.53
NM_001033108	1865	1826	214.252327696	0.44
NM_200259	1808	1774	213.909700074	0.63
NM_001128676	1476	1282	133.706549743	0.62
NM_001309845	4701	2320	102.994490569	0.4
NM_001017994	1879	1580	112.294302826	0.51
NM_001005945	1105	1032	105.237729652	0.64
NM_201336	2817	2761	574.192480263	0.4
NM_131047	1625	1579	225.447990196	0.55
NM_199683	1121	981	232.681199574	0.68
NM_201117	1162	1110	128.732200793	0.66
NM_200959	1797	1647	184.239077316	0.6
NM_001002163	608	589	133.264865884	0.73
NM_213370	1821	1779	159.252817718	0.6
NM_001089386	918	894	111.717704497	0.73
NM_200881	1996	1608	172.115915031	0.57
NM_200303	785	785	1032.77698231	0.57
NM_200769	606	445	164.991076727	0.71
NM_001309383	1906	1761	148.397284429	0.64
NM_001103194	1392	1005	181.165206637	0.71
NM_212993	966	962	164.455923697	0.72
NM_001013351	2727	1794	115.932278047	0.6
NM_001128529	3977	2361	130.06838315	0.44
NM_201467	1977	1132	158.371983652	0.56
NM_213510	2570	1184	234.034213089	0.67
NM_001017699	777	770	168.928533929	0.6
NM_205537	1272	1158	133.904229617	0.53
NM_001105596	685	658	119.497542919	0.64
NM_194366	2181	1778	136.725915378	0.58
NM_001017651	1317	1179	127.138942126	0.67
NM_213351	1541	1526	313.320182212	0.75
NM_199782	2184	2119	805.69467743	0.78
NM_213068	2654	2345	183.572628015	0.6
NM_212569	2189	1620	100.568797705	0.5
NM_001201442	683	620	394.379473825	0.8
NM_212663	2972	2058	137.432196106	0.56
NM_212802	2687	1851	140.407623297	0.57
NM_213014	1822	1806	205.309457751	0.63
NM_213236	1566	1262	301.114481385	0.5
NM_001045013	3195	3131	150.052228415	0.61
NM_201101	887	880	988.954232721	0.53
NM_199546	1638	1631	372.59806728	0.7
NM_001025530	1320	1272	114.579425137	0.6
NM_001031671	1213	998	217.878508062	0.7
NM_001044756	2636	2016	129.197624333	0.35
NM_001017565	1107	777	106.452917075	0.61
NM_131230	1880	1855	122.762135278	0.62
NM_001089427	2563	2540	252.512469679	0.52
NM_001007450	2019	1350	112.233881137	0.6
NM_201177	964	956	166.538412037	0.67
NM_200446	2044	2017	196.468855955	0.58
NM_001002333	1558	1516	109.37734767	0.61
NM_201501	2246	1545	103.061200667	0.48
NM_200046	629	455	219.254245961	0.83
NM_001320404	2510	2302	141.269448026	0.54
NM_200860	1037	1001	162.294416868	0.66
NM_199275	1743	1709	279.478080415	0.62
NM_001302742	394	358	168.323039982	0.7
NM_001079703	1422	1399	146.738946054	0.62
NM_001002058	1464	1361	104.084410919	0.55
NM_199925	1383	1379	344.698936822	0.63
NM_001080015	3658	1793	122.147073494	0.48
NM_001114739	2663	1456	122.831705209	0.52
NM_001002222	5860	3297	105.985539542	0.39
NM_213019	1049	905	261.745683957	0.83
NM_199547	2150	1326	121.463366281	0.57
NM_001083546	4423	2788	127.147171375	0.6
NM_001328586	881	834	131.97533229	0.76
NM_213387	1902	1727	102.374517979	0.52
NM_001110127	2367	1472	107.502859629	0.49
NR_132113	1666	985	277.733608897	0.69
NM_001199737	2076	1957	128.582398117	0.58
NM_199771	1782	1761	439.510006089	0.66
NM_131670	1758	1703	221.995058856	0.55
NM_199588	1289	1137	184.111394284	0.62
NM_199480	2006	1925	154.664227882	0.6
NM_200171	1702	1674	367.443338362	0.69
NM_001017888	1008	950	112.049494238	0.72
NM_001030187	978	950	108.899738243	0.61
NM_001110119	553	507	104.676380933	0.7
NM_213208	687	682	240.247344868	0.75
NM_199640	2424	2412	162.332659293	0.42
NM_001077378	2168	1418	128.107484668	0.58
NM_001002081	568	568	555.789270685	0.52
NM_199998	1073	1056	147.819784041	0.73
NM_213302	1639	1628	1059.73482727	0.7
NM_131585	1058	1058	821.381530509	0.57
NM_199540	2833	1397	130.299693404	0.63
NM_205559	2111	1984	195.441516602	0.67
NM_001017633	1921	1907	226.692387812	0.48
NM_213293	1692	1684	271.761179024	0.68
NM_201500	2311	2207	193.662586867	0.53
NM_001002559	1858	1208	107.000700537	0.69
NM_213515	2105	1938	102.180813191	0.59
NM_213467	1805	1716	106.601216767	0.6
NM_001100436	441	441	277.921495877	0.87
NM_213148	1200	1194	277.796197821	0.75
NM_001199367	1107	1100	237.939303125	0.75
NM_001024429	1877	1742	176.174650712	0.59
NM_001017899	1282	955	156.479666052	0.67
NM_199723	2044	1286	141.330379889	0.63
NM_001002546	1137	1117	146.670791929	0.64
NM_001045552	2190	1525	142.723241887	0.63
NM_001003548	978	954	193.854296378	0.8
NM_194264	1218	1190	312.293191845	0.56
NM_001033595	4350	4232	269.19083923	0.67
NM_199845	1826	1262	128.302767703	0.64
NM_001288657	839	792	141.07286958	0.61
NM_001199436	4653	4521	257.172794518	0.41
NM_001201360	2281	1860	123.521086962	0.57
NM_001005769	1842	1769	180.100667397	0.54
NM_201471	2005	1631	108.11687486	0.73
NM_200977	1154	1114	137.059172422	0.66
NM_001282033	1209	1035	107.626546713	0.56
NM_213464	2597	2423	120.229232761	0.67
NM_001001589	1654	1524	103.358753579	0.62
NM_199976	956	933	126.357226771	0.76
NM_001327754	2519	1920	174.511347143	0.69
NM_199932	2022	1543	146.990567445	0.56
NM_201297	1684	1441	121.930398079	0.65
NM_001025537	2209	1943	130.652680924	0.58
NM_001122749	4702	3712	123.16637722	0.55
NM_001098480	441	421	159.184655132	0.77
NM_213113	524	513	209.038349057	0.82
NM_201217	2259	2165	159.339547589	0.6
NM_201146	561	554	224.616967957	0.77
NM_001002037	2089	2010	100.012300964	0.66
NM_001007361	1550	1445	146.109837514	0.54
NM_131874	1663	1612	183.424572171	0.56
NM_200210	1247	1185	111.390309528	0.73
NM_200291	1360	1310	109.016122614	0.61
NM_181757	1865	1756	132.031459394	0.67
NM_131572	903	881	174.985467988	0.62
NM_213067	2302	1430	108.822665227	0.49
NM_131176	1454	1436	414.998738927	0.52
NM_001020749	1069	1008	206.100342112	0.67
NM_213489	2128	1719	104.747753113	0.61
NM_001025515	1838	1673	106.207624193	0.52
NM_205668	1493	1318	127.201337621	0.71
NM_200896	1087	950	109.844092118	0.56
NM_213037	926	824	141.221848805	0.71
NM_001328342	1608	1256	226.031335181	0.46
NM_001007153	1209	1168	143.413935538	0.67
NM_001037677	453	427	101.58929996	0.72
NM_181559	1968	1188	135.286457115	0.61
NM_131734	904	884	510.347119695	0.62
NM_001002378	887	886	488.711220907	0.72
NM_001202510	960	416	132.473344551	0.86
NM_200179	1976	1765	149.321101063	0.55
NM_200062	1328	1284	101.932200817	0.63
NM_001014289	3974	2800	211.668356708	0.49
NM_001159528	565	551	203.877156831	0.75
NM_200550	1782	943	119.240429161	0.72
NM_200771	1335	1257	330.377001719	0.73
NM_131722	2285	1979	150.24345474	0.48
NM_200988	2330	2243	127.29151264	0.56
NM_001007159	2793	1688	105.24717558	0.54
NM_194417	2696	1968	114.494916749	0.41
NM_199750	1632	1392	125.908428318	0.61
NM_001102634	544	320	253.515785513	0.93
NM_199963	1953	1849	177.126523343	0.49
NM_205558	1625	1302	116.914909215	0.61
NM_198070	2674	2389	179.73618904	0.55
NM_199623	2532	1806	190.848125273	0.59
NM_001003437	962	950	137.701982248	0.73
NM_200621	3430	2021	174.243347563	0.48
NM_212880	2206	1864	115.007788919	0.61
NM_001004667	1392	1347	212.576555266	0.68
NM_001013272	2053	1582	130.693013369	0.88
NM_001128693	2431	1939	162.475827731	0.46
NM_182866	2633	1962	386.669171481	0.56
NM_001079805	1560	1116	105.509347071	0.6
NM_200517	1375	1331	128.125336144	0.65
NM_200056	904	890	259.252545861	0.62
NM_200529	1496	1247	100.186353944	0.61
NM_178290	1341	1218	143.262245867	0.53
NM_001002448	1520	1515	210.029119207	0.67
NM_001110111	666	610	107.447089275	0.75
NR_138548	701	630	153.670596772	0.79
NM_131250	2498	1327	126.967814276	0.66
NM_131444	1040	1034	507.764129151	0.7
NM_001002874	891	832	118.095930491	0.73
NM_200975	1284	1260	174.134831723	0.77
NM_213490	1586	1550	131.851997022	0.45
NM_178294	966	934	206.857006443	0.39
NM_213093	1800	1733	143.292368722	0.57
NM_001006013	770	735	175.815184371	0.62
NM_200911	1640	1597	160.209468698	0.54
NM_001305588	928	871	139.882257881	0.68
NM_001077314	2329	1646	107.568780462	0.55
NM_200993	2423	1770	162.70274838	0.59
NM_001003434	357	322	293.036511772	0.89
NM_198140	1041	1041	532.672718668	0.65
NM_200220	2081	1780	118.423319397	0.59
NM_199885	3396	1943	102.78334953	0.55
NM_213642	1927	1237	117.774633806	0.73
NM_131031	1672	1660	236.158356299	0.61
NM_213021	826	805	199.031526957	0.69
NM_001013265	1080	1060	267.216584919	0.74
NM_001007186	1224	730	106.144117271	0.56
NM_199725	632	582	133.826950541	0.63
NM_001100438	737	563	113.017148445	0.79
NM_131820	3292	1609	161.390005752	0.63
NM_001020684	1181	1095	103.715927113	0.61
NM_198911	2905	1594	119.024900123	0.46
NM_214722	3146	1913	108.509192111	0.55
NM_001256729	1792	1149	145.176487021	0.66
NM_001077603	3283	2050	123.607243101	0.62
NM_199428	1597	1519	420.982378421	0.59
NM_212714	2038	1783	115.965502224	0.65
NM_173237	1733	1608	120.565099725	0.67
NM_001037386	2280	1739	154.231956608	0.5
NM_001328507	1428	1380	167.891947577	0.71
NM_213450	2688	1647	106.972513273	0.51
NM_001009898	878	863	171.969341017	0.58
NM_001025536	2800	2294	139.377245258	0.44
NM_213028	696	696	413.536092132	0.73
NM_001145554	4414	2423	108.295811294	0.49
NM_001033746	1944	1883	119.340182441	0.69
NM_201343	1686	1644	148.7008493	0.62
NM_001328559	2598	1094	127.583582233	0.74
NM_200066	1645	1112	162.281392116	0.62
NM_001256205	3476	1614	107.241777212	0.58
NM_173222	1437	1423	324.263037141	0.58
NM_199575	2146	1512	207.38120664	0.55
NM_001098481	616	577	101.027248085	0.7
NM_001030000	785	748	134.126520078	0.65
NM_001076558	976	798	101.129731866	0.72
NM_001083028	2853	1671	123.798033411	0.62
NM_001024403	693	656	183.71077468	0.73
NM_001033106	1940	1730	191.859761199	0.44
NM_001105588	2100	1653	104.227334305	0.57
NM_201449	2975	1410	101.399677239	0.5
NM_001024440	1132	1083	104.592281459	0.63
NM_152973	2095	2050	135.559266302	0.5
NM_197934	2550	1677	111.338928427	0.54
NM_001110403	2335	2335	1109.15834746	0.56
NM_200416	1414	1358	172.864141635	0.53
NM_201477	1088	1087	534.924967558	0.64
NM_200125	1594	1562	247.731900418	0.68
NM_001077759	1821	1750	146.713136881	0.57
NM_201469	2279	1925	111.266970806	0.57
NM_199431	3428	3168	112.258348065	0.58
NM_131679	2510	1433	100.987116559	0.53
NM_200650	2313	1887	391.996814616	0.54
NM_201483	2936	2615	255.03988597	0.52
NM_199574	1813	1211	156.218860458	0.64
NM_001044993	2166	1929	120.135430146	0.55
NM_201088	2471	2244	134.19509852	0.5
NM_183071	1312	1253	1733.08386493	0.67
NM_199571	1120	1088	112.538049031	0.6
NM_001200015	1903	1633	161.888133653	0.56
NM_131112	2386	1858	354.323616607	0.49
NM_200157	2789	1810	100.526154663	0.46
NM_200694	868	846	242.559395935	0.66
NM_001025186	1368	1364	239.977948976	0.75
NM_213092	1589	1580	633.680265067	0.56
NM_001077250	1996	1283	146.457257719	0.69
NM_213298	1609	1491	158.164431825	0.61
NM_001017902	1348	1087	100.928349025	0.55
NM_199734	1635	1599	204.422118083	0.61
NM_001007168	1086	985	203.966926761	0.8
NM_212818	1632	1620	1254.07924083	0.61
NM_001002152	1741	1196	102.185751714	0.59
NM_001017582	728	699	148.062115652	0.75
NM_001160362	665	629	135.047476158	0.81
NM_199943	2649	1280	108.537679969	0.48
NM_198809	1593	1560	450.567990677	0.5
NM_201474	5109	4065	175.814750739	0.44
NM_001003640	1732	1720	227.52383739	0.6
NR_029976	89	16	1240.3981216	
NM_212630	2077	1204	164.55518265	0.64
NM_001025453	1464	1021	182.504764661	0.87
NM_212615	1918	1241	139.089410191	0.53
NM_201185	1255	1141	130.509721444	0.66
NM_001031676	2397	2387	477.095017658	0.75
NM_001044395	1041	965	190.601866511	0.7
NM_001282177	500	486	324.740181291	0.83
NM_001044754	1503	1474	295.547964408	0.61
NM_181330	2728	2344	136.78185582	0.59
NM_001013528	1199	1119	136.000534291	0.71
NM_213382	1769	1750	248.206980623	0.62
NM_001017739	862	849	198.410620475	0.78
NM_001017688	1620	1499	109.1872726	0.61
NM_200949	1869	1856	386.324039979	0.5
NM_200104	1558	1555	513.834029508	0.24
NM_001007367	1852	1746	101.999817045	0.6
NM_001044950	994	980	126.515398078	0.65
NM_200059	1469	875	166.802610033	0.83
NM_200129	1694	1650	128.380143481	0.61
NM_200027	727	721	239.906983986	0.78
NM_001351700	2305	1875	366.119869387	0.5
NM_213185	1250	1226	220.660634701	0.5
NM_130941	4366	4093	267.137448506	0.56
NM_201010	1360	1323	112.901001347	0.57
NM_201062	1892	1790	130.873509149	0.55
NM_131455	2783	2612	217.49061148	0.51
NM_198358	2667	1845	148.15260207	0.52
NM_200302	1501	1496	289.953067469	0.64
NM_200219	618	594	146.88996105	0.64
NM_001002078	399	367	459.588529559	0.83
NM_001082830	1131	1051	111.987956064	0.68
NM_001079974	2913	1427	113.915847119	0.49
NM_001305594	1300	982	104.275236356	0.63
NM_001109742	1330	1243	114.227512384	0.69
NM_001326706	1360	1047	104.440685587	0.63
NM_199741	998	976	119.361839343	0.69
NM_200565	1411	1382	123.379281226	0.64
NM_213350	1326	1275	144.910472748	0.57
NM_203321	3203	2395	103.844659049	0.59
NM_001003598	838	747	185.593476928	0.68
NM_001005931	2331	1776	163.0149315	0.63
NM_201315	2419	2259	211.471187871	0.53
NM_131213	2019	1765	131.238869826	0.63
NM_212891	1624	1534	124.064020514	0.56
NM_199595	2595	1308	155.839109322	0.63
NM_001098757	1759	741	111.330904077	0.69
NM_001025471	1825	1675	106.133563376	0.58
NM_001005937	2939	2268	184.705842369	0.53
NM_001004296	3558	3398	153.197537296	0.71
NM_201492	2157	1990	230.456740603	0.69
NM_001020774	3642	1920	111.341054693	0.47
NM_001115114	1300	1293	305.188061792	0.54
NM_001039497	1208	1127	117.283062876	0.64
NM_001130697	679	469	257.721516827	0.98
NM_131376	1589	1538	239.926323051	0.57
NM_205613	901	900	396.757042269	0.72
NM_001326449	873	813	116.069440992	0.69
NM_201579	1950	1653	274.397681294	0.57
NM_001002335	1771	1748	170.409914772	0.52
NM_001002427	555	536	175.718974638	0.65
NM_001003730	1436	1257	117.186772022	0.7
NM_001012366	2584	1888	152.872121843	0.55
NM_213182	1676	1643	307.7024753	0.49
NM_213058	2340	2333	417.04658496	0.67
NM_212758	782	781	862.434604002	0.73
NM_212940	3136	1742	132.684916649	0.63
NM_001044779	1182	1132	404.245527474	0.63
NM_199779	2398	2299	181.988451019	0.58
NM_201082	2474	1710	142.338713682	0.48
NM_001353934	559	549	3224.85566998	0.74
NM_213079	1728	1711	311.325576753	0.61
NM_001289907	2400	2080	158.557758538	0.46
NM_200564	1980	1777	119.844893781	0.65
NM_201513	1945	1918	306.275887555	0.77
NM_200034	781	773	608.199683174	0.81
NM_001083544	548	535	183.099482389	0.79
NM_001003418	747	698	126.5367778	0.74
NM_001136488	2080	1422	100.671703357	0.46
NM_199933	3311	1811	113.208273936	0.51
NM_001001944	4039	3483	150.954139254	0.51
NM_001003452	1457	1400	162.577668306	0.5
NM_213262	2403	2365	190.330815936	0.69
NM_200813	1767	1569	126.874974664	0.62
NM_001002596	1471	1458	311.070466922	0.72
NM_199778	1440	1388	156.090036163	0.63
NM_001030076	1433	1333	145.137528016	0.63
NM_001160335	1296	582	140.071681614	0.8
NM_199708	2037	1942	508.742123308	0.51
NM_001029972	1536	1080	116.561570978	0.53
NM_200815	451	450	425.410955973	0.84
NM_001020605	737	711	199.820904179	0.67
NM_001002073	1238	1000	155.592691401	0.66
NM_153659	2575	1516	125.912436018	0.5
NM_001024400	608	587	122.753590653	0.76
NM_001002342	2010	1640	103.691247638	0.62
NM_001328161	4268	2497	102.876874783	0.52
NM_200190	1637	1376	119.597603597	0.63
NM_001139462	1351	1333	191.254610773	0.66
NM_001017858	1127	1077	113.986871485	0.69
NM_001270554	2133	2056	192.11668509	0.51
NM_001105108	1254	1254	690.757893147	0.75
NM_201050	1959	1933	200.383121886	0.54
NM_153669	2212	2139	239.470032311	0.64
NM_001005938	892	862	102.217334198	0.71
NM_131493	1109	928	178.717881239	0.5
NM_001130192	3149	3124	415.281262088	0.51
NM_131886	2252	1626	116.416663224	0.58
NM_131620	1430	1399	201.148908939	0.62
NM_200917	1752	1713	114.577088356	0.6
NM_001002525	1577	1533	158.495148479	0.64
NM_001017574	1635	1629	471.022425558	0.6
NM_173224	998	993	741.780119602	0.76
NM_213364	2853	2833	534.350036291	0.38
NM_201475	1685	1645	242.83474626	0.49
NM_001005589	851	836	156.59561391	0.77
NM_199688	1362	1333	106.324815959	0.58
NM_201326	3052	2752	151.363603566	0.54
NM_001077535	2030	2029	319.784497931	0.65
NM_200094	2754	2626	178.793964633	0.68
NM_213160	2310	1320	101.214040444	0.58
NM_001102676	5182	2802	151.751324973	0.6
NM_001033107	2124	2007	303.180795992	0.75
NM_001103116	1209	938	129.775810282	0.56
NM_212990	1305	1256	145.990980215	0.66
NM_200701	1301	972	148.146783846	0.66
NM_001003483	1304	1223	116.801069259	0.6
NM_001244778	2414	1954	105.100373643	0.59
NM_199761	1288	1250	247.99044444	0.52
NM_205562	1110	1099	389.297347959	0.67
NM_213188	2624	2590	316.024393746	0.58
NM_201463	1857	1792	119.558382856	0.6
NM_001013273	3625	2955	134.221143374	0.5
NM_001327745	2576	2312	282.448906464	0.54
NM_213466	1532	1306	261.628027701	0.6
NM_213529	1681	1014	126.890237721	0.63
NM_001145694	1937	1750	147.015199598	0.6
NM_001020523	1307	1285	155.340080546	0.66
NM_213060	2913	1880	135.005807874	0.49
NM_001177453	903	886	124.709837539	0.67
NM_214759	2298	1556	107.866195883	0.55
NM_201303	3213	2266	144.891280333	0.51
NM_200107	1423	1394	391.238463752	0.55
NM_001172637	405	371	142.248906529	0.71
NM_201306	2066	1881	101.0083715	0.61
NM_001115095	3041	2988	276.132883551	0.47
NM_001099230	3002	1812	115.16802557	0.57
NM_001013459	1299	1156	104.548160549	0.53
NM_200766	1140	1114	231.784973815	0.74
NM_001080041	2858	2658	190.691752144	0.51
NM_001014343	2029	1491	190.737301507	0.57
NM_200038	1491	1440	135.802412517	0.6
NM_199749	1558	1231	114.825684193	0.62
NM_001002468	1022	992	183.374473605	0.55
NM_001160365	638	531	102.931101302	0.76
NM_213440	2146	1418	121.200019865	0.65
NM_001003474	1440	1318	137.121497464	0.65
NM_173247	1264	1264	757.654305957	0.73
NM_131696	1734	1634	150.557625762	0.6
NM_212731	1287	1265	154.448230269	0.65
NM_001289906	2416	2065	163.221092665	0.46
NM_001003844	919	797	117.878520099	0.7
NM_001004003	3275	1417	148.649363549	0.7
NM_198877	1044	1022	118.30823845	0.56
NM_001077738	2536	1426	106.628668818	0.59
NM_213434	3998	1666	101.293657254	0.59
NM_199562	1746	1654	169.950969697	0.62
NM_213535	1851	1788	174.564870354	0.62
NM_213435	1901	1568	133.859101744	0.57
NM_001009889	2617	2171	331.225053552	0.68
NM_212766	2522	1476	134.760135183	0.71
NM_198922	2543	1486	109.941114443	0.49
NM_001126423	5006	2990	110.918431035	0.41
NM_199692	2181	1627	134.29562586	0.57
NM_199565	1546	1107	118.181402998	0.6
NM_001077716	2924	1831	106.070495351	0.52
NM_199569	1523	1508	217.826931892	0.68
NM_207063	1357	1282	115.033493575	0.6
NM_213178	1954	1457	439.554784494	0.71
NM_200342	1260	1216	119.328069217	0.62
NM_001002540	1536	1472	148.748045923	0.58
NM_001076652	2835	2789	434.348057873	0.64
NM_200221	1906	1866	195.779838662	0.51
NM_001025470	1776	1641	116.737297306	0.65
NM_212735	2658	1222	101.309674018	0.61
NM_001077355	1851	1840	285.770243751	0.58
NM_213479	1687	1422	279.921900811	0.61
NM_001006005	498	488	241.547424386	0.54
NM_198821	2152	1822	117.807082138	0.48
NM_001002137	991	940	120.887244963	0.63
NM_001089428	3015	1773	205.730817164	0.5
NM_001005983	1451	1272	108.624756416	0.49
NM_001007364	1096	1074	168.64278346	0.67
NM_213331	1267	1245	156.088453462	0.56
NM_200431	2094	1986	160.243334946	0.54
NM_199481	1939	1937	695.013840879	0.57
NM_001002606	1391	1092	194.291741699	0.59
NM_131452	2133	1504	192.158984193	0.55
NM_001004674	895	879	326.120476904	0.61
NM_200177	1899	1833	142.833712068	0.62
NM_213099	2644	2135	154.467441247	0.46
NM_001199675	1110	1078	237.916237893	0.79
NM_001020531	880	410	107.278814696	0.86
NM_001018166	2664	1952	120.456933224	0.58
NM_201052	1066	1062	147.418539512	0.74
NM_212586	3074	2012	148.618153909	0.48
NM_199773	1731	1526	179.743232295	0.61
NM_001002097	987	906	121.442401738	0.6
NM_001002604	1704	1412	174.400647298	0.68
NM_001045485	2328	1793	122.364241024	0.59
NM_198143	657	642	209.509079515	0.79
NM_001089347	2094	2053	136.022571954	0.6
NM_200023	654	652	280.702621536	0.79
NM_001243178	360	329	365.620379844	0.85
NM_001004601	3178	2910	228.245167839	0.5
NM_001004494	2262	1824	150.324927006	0.53
NM_213016	3014	1987	109.910353446	0.55
NM_001007335	1902	1590	119.331467132	0.58
NM_213313	1334	1195	105.778311424	0.76
NM_180964	755	755	2332.33745895	0.64
NM_131664	2006	1846	110.67309887	0.6
NM_001159911	659	628	135.770089692	0.7
NM_213165	1693	1593	126.068221659	0.66
NM_200852	722	722	414.451649996	0.86
NM_001309267	2448	1991	192.50769411	0.58
NM_212659	2024	1908	158.222749476	0.5
NM_001007766	2462	1774	110.847513132	0.38
NM_001008603	1538	1408	105.725360551	0.53
NM_199994	1598	1575	240.457463739	0.63
NM_001077322	723	715	250.691367759	0.8
NM_001007060	2420	1442	111.489784148	0.63
NM_001013517	539	518	143.524392657	0.66
NM_001040004	2042	1839	116.279952339	0.5
NM_001080184	1867	1610	221.759987947	0.6
NM_001042769	1471	1436	128.810920952	0.64
NM_200130	1538	1390	103.881804652	0.57
NM_212675	1290	1269	221.94472428	0.79
NM_001308551	1728	1362	119.970218135	0.57
NM_001017769	1380	1287	390.126610816	0.72
NM_001113591	2287	1500	153.472659276	0.49
NM_001142954	1763	1640	140.811141547	0.64
NM_001007375	881	853	441.874829309	0.49
NM_001080054	2651	1793	163.273140118	0.53
NM_199863	2172	1918	165.378142085	0.56
NM_200185	1558	1292	107.393880764	0.66
NM_201194	2282	1425	138.207671314	0.64
NM_213070	1739	1715	247.407297447	0.54
NM_212676	1015	1002	225.40962562	0.59
NM_001002697	1052	976	123.023031496	0.67
NM_201005	1653	1477	170.535858454	0.59
NM_001105695	881	864	181.396930912	0.71
NM_001126457	1515	1455	203.908406561	0.66
NM_001024439	820	788	126.737312991	0.63
