NM_001326707	1301	1166	129.01006139	0.82
NM_199516	2304	2282	231.75567467	0.82
NM_200896	1087	948	101.686248285	0.68
NM_001123007	734	724	156.280576031	0.78
NM_199824	2976	2855	141.544725959	0.79
NM_205537	1272	1232	167.771237711	0.8
NM_213072	1521	1467	196.112037627	0.82
NM_001303006	1567	1407	109.353108473	0.7
NM_212731	1287	1262	121.348206386	0.75
NM_199724	483	455	117.889813559	0.7
NM_199595	2595	2580	231.034918592	0.87
NM_213640	2749	2698	196.786689525	0.82
NM_200601	2122	1662	106.251363647	0.72
NM_201579	1950	1807	367.374569932	0.89
NM_198806	2485	2468	269.049069065	0.86
NM_131679	2510	2081	141.05155431	0.88
NM_199876	1622	1534	152.294800534	0.77
NM_001110022	2604	2070	115.61866596	0.8
NM_200068	3044	3022	217.624907018	0.84
NM_001080184	1867	1852	328.957833981	0.87
NM_212810	4376	3349	106.008760297	0.81
NM_200944	1033	998	102.694810891	0.75
NM_200745	852	773	171.951016753	0.84
NM_200852	722	712	345.602811562	0.78
NM_201993	2669	2577	109.630258965	0.74
NM_200008	762	759	550.852557881	0.91
NM_001305594	1300	1162	134.309811716	0.8
NM_001080753	912	883	134.686172967	0.75
NM_200383	1275	1213	121.654388225	0.71
NM_001013344	748	699	122.981391204	0.75
NM_001045562	1826	1746	111.513855751	0.71
NM_001077603	3283	2767	129.839448103	0.84
NM_213099	2644	2615	153.978572177	0.78
NM_201309	2747	2288	141.270338644	0.85
NM_001002521	960	950	209.822115619	0.79
NM_200743	1036	1009	179.293236408	0.79
NM_001003623	2252	2216	169.51468588	0.8
NM_001079961	2760	2686	129.462888441	0.8
NM_205613	901	892	272.522162734	0.83
NM_001024403	693	650	158.303876768	0.75
NM_001320425	2084	2026	144.758503237	0.78
NM_201061	504	494	222.16926702	0.81
NM_001161599	1896	1867	267.788201379	0.8
NM_200510	2353	1844	105.661869954	0.83
NM_001017565	1107	1054	137.212050614	0.77
NM_001098757	1759	1620	183.953260389	0.85
NM_001008732	2434	1803	150.380594265	0.81
NM_001144803	2895	2411	124.900341368	0.8
NM_131189	4935	4893	402.128576283	0.9
NM_001007327	2489	1964	107.390006395	0.73
NM_001080605	3471	3344	118.133916978	0.76
NM_200094	2754	2734	213.618680477	0.87
NM_200958	1832	1801	230.645094344	0.81
NM_001012366	2584	2547	220.57870747	0.88
NM_001043323	817	811	817.697463256	0.88
NM_001001590	1354	1299	221.693917903	0.75
NM_201217	2259	2173	162.825969372	0.78
NM_214746	3154	2433	111.222798515	0.77
NM_001002575	1120	1099	231.390011345	0.83
NM_200517	1375	1324	109.941434021	0.73
NM_152972	2976	2913	370.169422137	0.9
NM_199719	1526	1525	293.953824599	0.83
NM_199761	1288	1271	296.959054835	0.88
NM_199949	1010	793	250.224339836	0.81
NM_200039	2248	1881	113.711881391	0.74
NM_001110121	508	506	282.444436724	0.84
NM_200425	2026	1489	118.1366472	0.84
NM_001099230	3002	2467	109.267612903	0.79
NM_001105588	2100	1942	117.109156523	0.77
NM_199481	1939	1937	881.550402678	0.86
NM_001289907	2400	2264	243.7416243	0.83
NM_001123057	1091	981	101.428283917	0.71
NM_131833	1490	1466	186.118657454	0.77
NM_212909	1162	1157	1184.46894821	0.82
NM_131569	3917	2998	105.839801129	0.78
NM_001002152	1741	1545	149.009596245	0.8
NM_198210	2720	2699	133.029606528	0.73
NM_201101	887	886	1242.91411583	0.88
NM_200988	2330	2302	153.71234126	0.78
NM_212566	1185	1159	235.203256099	0.8
NM_001130697	679	256	135.455644751	1.0
NM_200028	466	452	158.738636318	0.73
NM_001320404	2510	2373	113.326491222	0.78
NM_001002509	476	399	116.61141939	0.83
NM_201466	2743	2358	129.805862233	0.78
NM_001077804	1835	1793	794.496178144	0.85
NM_001003425	2025	1588	108.437326086	0.78
NM_001002604	1704	1395	137.410775093	0.76
NM_001077343	3359	2793	107.460716881	0.76
NM_001024073	1943	1915	244.91367249	0.88
NM_001139462	1351	1324	135.900070463	0.75
NM_199760	653	614	248.588238857	0.82
NM_001001593	537	525	309.257226153	0.82
NM_001113591	2287	2236	209.217002296	0.87
NM_213028	696	692	222.057968511	0.83
NM_201214	1758	1709	220.959375705	0.78
NM_001020523	1307	1271	154.931166688	0.83
NM_201039	867	837	190.698125934	0.85
NM_001089544	1215	1141	325.894046052	0.81
NM_173235	635	533	225.317325518	0.73
NM_001002433	1124	1027	105.300662626	0.74
NM_200103	2231	2161	171.72470897	0.81
NM_001030247	2625	2612	277.346973848	0.9
NM_207071	1695	1624	102.699086673	0.73
NM_001045552	2190	2131	122.247046263	0.65
NM_130926	621	620	828.758288036	0.88
NM_001199737	2076	1945	125.687235201	0.77
NM_199729	1901	1749	109.724779523	0.74
NM_001006013	770	736	174.08781259	0.81
NM_200732	483	483	495.073745746	0.84
NM_001110388	538	381	210.34351865	0.88
NM_213383	1824	1677	204.427952239	0.86
NM_200458	2810	2803	483.673692408	0.82
NM_001003648	2563	2321	145.440668431	0.81
NM_173251	890	882	439.199269595	0.86
NM_199934	980	849	110.128464024	0.75
NM_201577	2524	2439	149.134981634	0.82
NM_001077285	1662	1595	145.536705257	0.81
NM_001199436	4653	4594	407.277647286	0.83
NM_001145579	3579	3501	167.802954757	0.8
NM_212612	2529	2213	158.926615806	0.83
NM_201146	561	554	187.6278615	0.77
NM_200525	502	481	130.615009719	0.7
NM_001302742	394	349	101.980350173	0.78
NM_213045	1311	1152	128.659862907	0.81
NM_001128676	1476	1394	131.443691778	0.76
NM_001103194	1392	984	101.915036298	0.77
NM_214707	2486	2456	170.799504474	0.84
NM_001102392	571	558	102.491394674	0.71
NM_001002097	987	933	179.618217157	0.78
NM_001328342	1608	1587	317.026468584	0.88
NM_001003447	678	654	162.25701341	0.78
NM_213350	1326	1310	199.198360202	0.79
NM_152949	1899	1894	831.119978455	0.93
NM_001003888	644	622	145.481199893	0.81
NM_213448	4203	3262	101.710456586	0.76
NM_001002686	1167	1043	103.863141136	0.77
NM_201513	1945	1918	257.377247661	0.83
NM_131309	1418	1137	276.298733122	0.85
NM_200184	1547	1268	109.524192823	0.79
NM_201452	5093	3169	118.308740511	0.79
NM_212735	2658	2378	121.070215859	0.83
NM_001082823	3440	3191	108.700882704	0.77
NM_001256029	2041	1457	103.796908206	0.79
NM_199983	2598	2595	424.292458957	0.89
NM_213168	2419	2371	250.113279687	0.83
NM_213530	1628	1597	218.714433787	0.83
NM_001353934	559	549	3038.87721686	0.92
NM_199275	1743	1709	238.016123489	0.83
NM_001003640	1732	1722	215.291543531	0.81
NM_001081747	1861	1795	128.738979792	0.76
NM_001172637	405	360	148.530833757	0.8
NM_001006105	1484	1356	112.385245678	0.79
NM_001040351	3343	2684	115.257017891	0.84
NM_212891	1624	1546	101.462066186	0.68
NM_212584	1391	1388	946.303016731	0.89
NM_212603	1499	1471	380.203319805	0.86
NM_213428	1125	1112	227.08605148	0.88
NM_131337	2643	2340	148.557799339	0.79
NM_200720	900	861	324.100139094	0.86
NM_200137	1677	1648	105.699657616	0.7
NM_214721	859	820	291.062638143	0.81
NM_213277	2437	2428	361.406879214	0.86
NM_200161	1795	1733	123.631767002	0.73
NM_199740	1953	1876	118.90058105	0.77
NM_001002081	568	568	760.046963225	0.87
NM_001009889	2617	2164	361.83782056	0.84
NM_201138	1662	1467	134.756148714	0.76
NM_001025452	2323	2125	108.885739373	0.77
NM_001083546	4423	4080	121.730424341	0.81
NM_001017651	1317	1174	118.602097974	0.76
NM_213093	1800	1673	103.776167763	0.73
NM_199575	2146	2079	226.520364155	0.84
NM_001013517	539	522	148.256518097	0.81
NM_001037691	926	760	175.80189716	0.8
NM_001007159	2793	2665	134.961724955	0.79
NM_001002703	931	819	194.709653509	0.83
NM_001080033	1298	1194	109.169288787	0.74
NM_212990	1305	1206	100.571828328	0.72
NM_001002866	472	471	190.702535754	0.81
NM_131512	2178	1973	206.675167797	0.79
NM_199771	1782	1773	544.144510003	0.89
NM_213181	1884	1743	132.928281637	0.79
NM_201075	2837	2680	112.835187948	0.76
NM_001002068	805	804	528.460130251	0.88
NM_001004494	2262	2206	177.127706201	0.85
NM_001077322	723	713	268.869512474	0.88
NM_001006005	498	490	276.832137057	0.84
NM_200179	1976	1762	135.081259274	0.81
NM_001003434	357	322	238.815677228	0.85
NM_213510	2570	1133	220.996457025	0.85
NM_173238	3052	2656	142.748747857	0.79
NM_001301360	2299	2024	150.218018768	0.84
NM_199716	1410	1335	127.80384614	0.8
NM_001003503	1289	1263	120.986244753	0.76
NM_200386	1221	1176	245.376453111	0.85
NM_199686	3328	2892	111.059976955	0.77
NM_201192	2166	2160	341.528992429	0.87
NM_213514	2079	822	156.909109275	0.98
NM_001025453	1464	1103	119.102053365	0.84
NM_001017700	639	630	423.313885994	0.87
NM_001017829	964	929	119.801021784	0.76
NM_214696	2658	2638	428.911396871	0.87
NM_131252	2569	2379	128.955949837	0.83
NM_001002465	1193	1054	103.260711049	0.72
NM_200550	1782	1463	144.43689138	0.83
NM_001025471	1825	1742	144.512578061	0.76
NM_198121	1234	1207	883.768460556	0.87
NM_001013459	1299	1214	108.559397683	0.71
NM_131572	903	896	218.513843738	0.87
NM_213528	3446	2681	110.2082881	0.81
NM_001110414	1505	1483	260.607592918	0.81
NM_201474	5109	3355	102.493956556	0.75
NM_001079805	1560	1466	133.452245277	0.79
NM_001040375	927	907	260.64139335	0.8
NM_212635	2442	2375	131.303136908	0.77
NM_131637	1945	1917	360.333819108	0.88
NM_001162502	4392	3384	145.424418639	0.82
NM_001005931	2331	2303	228.502080499	0.85
NM_213077	5079	4974	368.744509085	0.9
NM_001111162	2367	2139	125.266770448	0.81
NM_213037	926	891	161.497026906	0.83
NM_001080054	2651	2628	238.123531579	0.86
NM_001045349	1628	1569	283.406573309	0.87
NM_001005953	794	748	205.945104482	0.84
NM_173263	1471	1437	157.494842511	0.78
NM_001130597	765	742	171.544163913	0.75
NM_205673	1403	1380	422.851479916	0.89
NM_001045388	833	827	312.038039141	0.85
NM_001309644	1435	1395	754.989485001	0.85
NM_001002082	950	923	243.210679334	0.87
NM_199707	3859	3399	111.846836469	0.77
NM_001004677	854	818	125.242023941	0.75
NM_153663	2643	2111	135.496105244	0.84
NM_200974	1246	1178	163.801999274	0.84
NM_201125	1851	1829	159.938603773	0.79
NM_199548	1566	1548	292.810949138	0.87
NM_001017801	916	909	140.101153671	0.8
NM_001111176	2020	1410	114.403841391	0.89
NM_131187	1662	1551	101.478074841	0.71
NM_001309640	3873	2951	182.077317555	0.86
NM_199657	2645	2582	112.524746568	0.71
NM_001042769	1471	1409	120.216391566	0.72
NM_001002050	1276	1088	149.076945844	0.84
NM_001005937	2939	2903	242.598902324	0.86
NM_001113596	1641	1592	110.582474015	0.71
NM_001003628	1513	1424	107.958351574	0.72
NM_212681	1104	1073	143.064342445	0.74
NM_131444	1040	1035	415.790445119	0.78
NM_001326532	2345	2195	178.381854898	0.83
NM_200130	1538	1449	110.529445648	0.76
NM_001033108	1865	1849	309.347945203	0.82
NM_199811	2421	2296	135.549691549	0.79
NM_200065	3086	2892	150.208363781	0.83
NM_001001944	4039	3879	175.361624423	0.84
NM_201153	832	826	128.815673793	0.74
NM_001326547	5457	3471	118.918091849	0.8
NM_001077535	2030	2029	302.866107339	0.8
NM_001002572	1107	1090	196.437042021	0.84
NM_001003429	771	751	297.140756639	0.79
NM_001308551	1728	1652	154.461618011	0.79
NM_001005589	851	823	117.529807778	0.71
NM_173247	1264	1264	786.679051615	0.89
NM_201588	2454	1786	124.6650566	0.8
NM_201082	2474	2465	223.944175888	0.84
NM_001282033	1209	1092	120.551721169	0.81
NM_001004641	1029	1026	144.205819198	0.76
NM_213279	889	835	134.084795287	0.77
NM_200190	1637	1551	156.486861452	0.84
NM_198358	2667	2566	229.978291085	0.85
NM_212598	1558	1207	109.802815119	0.82
NM_199772	1594	1579	159.919097719	0.77
NM_201297	1684	1583	114.595046906	0.8
NM_131345	3453	2861	101.090706517	0.73
NM_200881	1996	1910	158.015257411	0.83
NM_131886	2252	1914	102.274943566	0.73
NM_001029972	1536	1474	136.06595031	0.8
NM_213439	1234	1234	1352.95018112	0.91
NM_001030076	1433	1395	176.263375875	0.78
NM_199540	2833	2550	166.081923373	0.87
NM_001004554	4235	2822	114.846279337	0.82
NM_001025516	1563	1498	117.212575426	0.8
NM_001089427	2563	2550	241.056183378	0.84
NM_131714	3483	2913	114.255809163	0.75
NM_001201442	683	618	277.020670883	0.85
NM_201475	1685	1655	317.387625658	0.84
NM_001013345	888	882	371.15263251	0.87
NM_001079703	1422	1404	130.890944144	0.75
NM_001024399	989	968	144.820058614	0.8
NM_200801	1181	1145	137.054285776	0.77
NM_213644	826	812	117.638385774	0.72
NM_001007367	1852	1824	115.558425443	0.75
NM_001044944	2270	1973	123.55548275	0.77
NM_199933	3311	3230	145.693284807	0.83
NM_131310	2699	2661	387.501357377	0.83
NM_001289906	2416	2367	249.171638543	0.83
NM_200961	1367	1338	150.848226733	0.79
NM_001252373	912	814	109.390686141	0.75
NM_001102634	544	259	230.367434267	0.86
NM_213002	1422	1404	253.98959282	0.86
NM_213160	2310	2004	139.598139537	0.81
NM_213165	1693	1623	144.460948173	0.8
NM_131513	1495	1492	1856.89528387	0.94
NM_201141	184	168	136.618306867	0.87
NM_201129	2859	2828	149.352708419	0.79
NM_001003551	880	846	105.556047154	0.7
NM_001044809	4571	4462	177.060813835	0.81
NM_001040043	498	498	439.022010376	0.83
NM_001110371	2492	2458	268.919553501	0.86
NM_001005929	3756	3119	100.415037164	0.76
NM_213489	2128	1971	128.926781625	0.79
NM_212589	1828	1616	126.026306719	0.83
NM_200298	785	765	806.806682842	0.85
NM_001004561	2028	1924	154.393007014	0.86
NM_001004667	1392	1377	312.405813414	0.86
NM_001100436	441	441	249.931109043	0.84
NM_001131053	552	550	260.219658429	0.86
NM_199679	2346	2321	184.67198578	0.84
NM_212784	763	672	200.221842184	0.71
NM_200959	1797	1730	177.06954288	0.84
NM_201460	2889	2852	148.776761766	0.77
NM_213386	2179	2049	124.95296299	0.76
NM_001302478	479	463	220.616646154	0.84
NM_001030000	785	755	144.820361236	0.78
NM_213639	1142	1075	288.67341935	0.89
NM_001082837	2181	2117	156.169630949	0.81
NM_001271474	826	784	471.673754578	0.87
NM_201449	2975	2616	117.458434724	0.77
NM_201005	1653	1577	170.612177974	0.81
NM_131047	1625	1587	216.403398455	0.77
NM_001100438	737	588	104.939435766	0.78
NM_205541	1833	1761	234.482888988	0.8
NM_001145359	1212	1148	108.860483758	0.68
NM_213053	2688	2622	189.505873037	0.82
NM_213151	1397	1240	102.897848585	0.69
NM_199853	1976	1670	117.399197371	0.84
NM_131376	1589	1569	324.9912332	0.84
NM_001002072	1163	1044	104.49261042	0.75
NM_001003860	687	684	333.254464595	0.87
NM_199930	1981	1827	152.652480369	0.8
NM_001199367	1107	1102	307.692507595	0.82
NM_200972	1057	916	122.250345538	0.82
NM_213188	2624	2616	396.889009359	0.85
NM_200750	463	447	182.405795129	0.82
NM_213092	1589	1584	691.768401945	0.85
NM_201336	2817	2792	526.579189712	0.86
NM_214699	1423	1207	332.134477023	0.86
NM_213294	1525	1468	173.970456966	0.86
NM_213331	1267	1251	145.230049797	0.76
NM_201499	1996	1799	116.382901675	0.79
NM_213001	2776	2489	119.107129258	0.8
NM_001002525	1577	1533	168.300528408	0.78
NM_001003452	1457	1437	182.500287479	0.79
NM_001007361	1550	1509	195.101010307	0.83
NM_213148	1200	1191	215.574471268	0.8
NM_001126423	5006	4585	109.504802105	0.75
NM_001030285	2720	2360	109.318507849	0.77
NM_200835	2679	2580	112.457893712	0.8
NM_200157	2789	2540	132.706275005	0.79
NM_214811	2239	2201	235.550681978	0.85
NM_200769	606	441	120.293949459	0.79
NM_212790	1357	1343	373.75331637	0.85
NM_131693	1558	1033	103.843273736	0.78
NM_201471	2005	1686	117.633111915	0.83
NM_200949	1869	1853	256.191037014	0.85
NM_131059	3350	3123	181.695907261	0.89
NM_212880	2206	1958	106.533228559	0.73
NM_001002073	1238	1166	215.379309999	0.84
NM_199812	2747	2655	153.884203298	0.81
NM_001003756	989	925	137.14297687	0.85
NM_173233	520	459	128.276741733	0.79
NM_199956	2049	2040	242.836962382	0.87
NM_001100070	893	862	830.106076139	0.89
NM_199535	768	758	543.969452695	0.85
NM_001045276	2510	2472	184.841949556	0.79
NM_183071	1312	1251	1992.73768497	0.92
NM_212818	1632	1620	1626.89240272	0.91
NM_199914	1523	1441	111.732870481	0.76
NM_001327845	953	915	303.97447695	0.85
NM_131427	2914	2385	125.750371533	0.8
NM_199711	2891	2122	155.325262457	0.89
NM_212641	1956	1838	105.904728851	0.74
NM_001115114	1300	1284	128.175868592	0.73
NM_200220	2081	1924	142.02837851	0.78
NM_212953	298	286	305.70149519	0.85
NM_205559	2111	2084	210.772945297	0.82
NM_001003731	915	900	235.682187722	0.84
NM_001044756	2636	2546	182.89659038	0.81
NM_001024390	1205	1150	100.443441467	0.74
NM_131696	1734	1561	118.185507246	0.75
NM_001328161	4268	3779	103.441010878	0.79
NM_200069	2277	2214	108.940548482	0.74
NM_201087	3796	3768	152.730949164	0.78
NM_001001819	490	485	172.2010166	0.8
NM_001110127	2367	1950	109.377265702	0.74
NM_213236	1566	1556	419.410635533	0.88
NM_001277446	6296	5797	150.130984327	0.8
NM_194366	2181	2085	123.508624217	0.77
NM_001105526	393	372	165.433561517	0.74
NM_001044332	2091	2060	289.139952007	0.88
NM_199694	1483	1470	245.712701118	0.9
NM_001111175	1214	1176	120.543556136	0.76
NM_001024440	1132	1101	123.712702266	0.77
NM_001013265	1080	1063	232.980753954	0.77
NM_001098392	1870	1869	861.438454019	0.92
NM_200099	1417	1288	148.129846722	0.78
NM_213262	2403	2392	230.157998165	0.84
NM_001002113	2024	1860	100.857825642	0.74
NM_200467	1846	1697	120.843984729	0.78
NM_200219	618	591	162.335766004	0.78
NM_001025503	1688	1641	299.549237274	0.88
NM_001258317	1001	934	112.341131301	0.8
NM_001025472	2588	2498	128.424097703	0.83
NM_001014289	3974	3935	202.001801134	0.84
NM_001128336	1845	1838	448.646518375	0.86
NM_001327928	826	765	1243.73165387	0.92
NM_199779	2398	2315	160.68307824	0.79
NM_001002078	399	367	294.30305038	0.75
NM_001309525	2542	2228	160.510972646	0.83
NM_200495	1495	1493	405.073488491	0.89
NM_001013469	1184	1130	122.591218355	0.78
NM_001017699	777	769	193.853528477	0.77
NM_173237	1733	1633	106.867211139	0.71
NM_213278	2414	1793	101.303008452	0.79
NM_001017994	1879	1731	124.630507452	0.76
NM_199952	1472	1298	144.708954604	0.76
NM_201500	2311	2265	169.319709669	0.79
NM_001309531	1197	1188	1083.56895354	0.94
NM_199640	2424	2409	195.963445459	0.75
NM_200261	2924	2759	156.427071687	0.83
NM_200815	451	448	322.054359039	0.83
NM_178294	966	944	232.912349031	0.82
NM_200010	1237	1210	138.684074818	0.77
NM_213214	1843	1724	102.261613085	0.79
NM_001037424	1074	1072	1300.82613884	0.9
NM_001256631	2491	2164	161.044568719	0.88
NM_212977	1620	1554	519.460686082	0.9
NM_200919	1303	1243	142.325283001	0.72
NM_001004601	3178	3151	394.298477539	0.87
NM_001166268	1318	1262	110.010367648	0.71
NM_001031671	1213	997	172.596775667	0.83
NM_001002086	1396	1132	104.794513696	0.79
NM_199993	1443	1285	138.907338905	0.79
NM_200650	2313	2236	615.122007487	0.89
NM_001017851	1753	1629	103.908352535	0.73
NM_200813	1767	1719	148.101848716	0.79
NM_199963	1953	1945	188.734233998	0.8
NM_199820	4601	4272	107.234486944	0.76
NM_001003418	747	682	111.547726484	0.81
NM_001045049	1708	1689	313.763680602	0.88
NM_199888	2218	2191	176.280353216	0.78
NM_001080015	3658	3345	116.561939793	0.79
NM_200060	2167	2052	122.573349704	0.76
NM_199623	2532	2485	294.935882946	0.86
NM_212657	2706	2704	413.34320094	0.88
NM_001256780	2608	2548	388.808671594	0.83
NM_001014303	1968	1841	128.498681794	0.77
NM_001044983	507	481	169.438812264	0.81
NM_001003890	2344	2334	599.893335768	0.85
NM_200025	417	407	182.544857281	0.82
NM_131773	3544	2495	102.711415671	0.75
NM_153669	2212	2197	224.624293837	0.83
NM_001309458	1052	727	102.195810388	0.76
NM_001309845	4701	3923	123.260784326	0.81
NM_001003840	1070	1047	124.726127491	0.74
NM_212626	1541	1482	167.240668037	0.74
NM_199764	1821	1584	104.482753594	0.75
NM_212659	2024	1976	171.694391399	0.79
NM_001145694	1937	1828	131.158533597	0.78
NM_213067	2302	2225	140.743951714	0.81
NM_200104	1558	1558	795.820985952	0.87
NM_173258	1894	1881	237.064815129	0.82
NM_205580	1191	1171	217.816112597	0.84
NM_001013536	1099	1053	380.603864897	0.87
NM_001007055	1328	1295	187.055311102	0.8
NM_131112	2386	2368	475.618029072	0.89
NM_001003548	978	844	110.830858292	0.77
NM_001126457	1515	1455	220.996600118	0.81
NM_001005955	934	801	119.088098454	0.78
NM_212703	3846	3803	139.961274695	0.78
NM_001002121	2041	2027	170.356607317	0.85
NM_001320324	2045	1712	110.357796808	0.79
NM_001017831	1128	1106	208.690386798	0.85
NM_201194	2282	2266	211.769257616	0.86
NM_001007375	881	855	542.806000088	0.84
NM_131382	1726	1678	157.659466781	0.81
NM_001281721	1433	1433	1760.93453003	0.9
NM_001327745	2576	2559	384.861310643	0.88
NM_173266	486	471	184.037632406	0.76
NM_199683	1121	1107	297.203179434	0.87
NM_199943	2649	2393	116.913339988	0.79
NM_001105596	685	651	110.797957344	0.72
NM_199333	2387	2285	102.298512372	0.75
NM_001002748	1493	1314	174.455627415	0.8
NM_001006082	1057	988	134.60052584	0.79
NM_131702	2559	2462	312.671785344	0.88
NM_212775	1695	1485	111.037171493	0.77
NM_145195	489	486	418.122591148	0.85
NM_201065	1326	1294	147.429008949	0.75
NM_199734	1635	1604	184.80059774	0.79
NM_001017902	1348	1313	112.781728875	0.71
NM_199671	1288	1277	355.100845212	0.9
NM_001114739	2663	2459	167.364216216	0.83
NM_200564	1980	1861	135.956267173	0.84
NM_001007059	822	810	244.094293581	0.79
NM_214718	2014	1951	111.645398861	0.77
NM_213406	1601	1571	165.1369752	0.79
NM_001045485	2328	2222	143.617592335	0.83
NM_213021	826	811	204.277783917	0.86
NM_001013453	1298	1165	102.957451968	0.73
NM_212940	3136	3062	167.417593778	0.86
NM_131493	1109	943	213.932079286	0.84
NM_001290080	3280	3045	319.277616106	0.87
NM_153644	800	793	935.586163855	0.89
NM_213493	1980	1973	204.006146468	0.8
NM_201488	2650	2607	252.937052813	0.87
NM_213176	2872	2786	170.359267277	0.84
NM_001005927	3621	3507	140.456277615	0.81
NM_213641	1708	1399	349.120962083	0.86
NM_213104	2249	2128	255.327927694	0.83
NM_001037110	852	778	106.059692124	0.74
NM_201331	1547	1451	122.590258963	0.77
NM_213536	1947	1797	112.980123661	0.78
NM_200504	1868	1638	100.001925127	0.75
NM_001008618	2180	1682	125.776939528	0.81
NM_194408	2698	2555	110.662348366	0.76
NM_200096	1729	1681	324.921905606	0.87
NM_001115095	3041	3014	265.341482264	0.86
NM_001017574	1635	1634	625.322480329	0.9
NM_200696	785	772	208.660540248	0.86
NM_201467	1977	1913	215.469506898	0.9
NM_001024098	2200	2112	179.509225374	0.83
NM_001007372	974	966	130.957565369	0.77
NM_001326708	1284	1201	139.263654067	0.81
NM_001115057	1765	1657	124.677328601	0.77
NM_212709	1904	1897	383.228248264	0.86
NM_200258	2133	2059	188.640878248	0.81
NM_212763	1372	1339	115.963456028	0.73
NM_131442	1356	1263	152.832155455	0.8
NM_152951	2332	2301	162.88835333	0.75
NM_199565	1546	1398	109.478240671	0.77
NM_001351798	728	614	128.695200449	0.84
NM_001017593	1279	1261	1192.37514927	0.91
NM_212937	1764	1759	360.782367965	0.84
NM_001077250	1996	1861	203.010774264	0.89
NM_213336	1459	1421	1289.37734348	0.87
NM_199769	1960	1817	126.599914513	0.77
NM_199430	1480	1479	1177.69373798	0.9
NM_213377	570	569	422.875625693	0.82
NM_200101	2096	1789	117.431737021	0.77
NM_130941	4366	4360	274.236352506	0.88
NM_214722	3146	2752	153.086499074	0.83
NM_001003995	1512	1490	179.958169985	0.78
NM_001089356	2793	2009	114.760244008	0.82
NM_212832	2205	2016	260.104572302	0.91
NM_001039985	1602	532	123.445196363	0.9
NM_213015	1944	1866	529.765025392	0.92
NM_212996	717	717	1122.74924616	0.88
NM_213208	687	678	202.360421982	0.8
NM_213110	1915	1795	119.364674623	0.72
NM_201111	2387	2088	123.762962367	0.82
NM_198140	1041	1041	648.13468647	0.84
NM_194264	1218	1190	366.737001404	0.83
NM_131577	2326	2165	100.893827464	0.75
NM_131355	3115	3097	212.997773958	0.79
NM_199845	1826	1706	150.75820037	0.84
NM_213068	2654	2649	236.844861449	0.88
NM_001017739	862	846	200.959756905	0.81
NM_001003730	1436	1281	123.701390422	0.81
NM_001017582	728	707	174.165714533	0.83
NM_178290	1341	1257	147.018706573	0.83
NM_001145786	3154	2982	110.763666841	0.71
NM_194374	4303	2494	112.990904846	0.83
NM_212762	435	415	146.859667516	0.75
NM_198366	2668	2412	575.253450499	0.9
NM_199669	1459	1449	222.130829323	0.78
NM_201332	1605	1585	107.66975781	0.76
NM_213180	1506	1502	907.336484413	0.88
NM_131213	2019	1956	128.389800083	0.8
NM_001003414	1644	1603	164.274413499	0.82
NM_001103116	1209	946	150.156584288	0.78
NM_001111168	1945	1885	253.940839515	0.87
NM_213466	1532	1513	351.661774322	0.88
NM_201326	3052	3020	129.974861386	0.77
NM_200066	1645	1630	238.976320258	0.86
NM_001127333	2139	2128	340.304023301	0.91
NM_131450	2067	1999	591.037980787	0.79
NM_131524	2159	2084	288.473817644	0.84
NM_201050	1959	1944	223.867143339	0.8
NM_199555	1267	1229	111.062029602	0.74
NM_001020605	737	706	170.756407351	0.82
NM_001198751	711	500	714.763504922	0.91
NM_001130192	3149	3129	291.02263652	0.84
NM_198922	2543	2492	160.572852249	0.83
NM_201060	620	615	276.468840288	0.82
NM_213014	1822	1818	211.919821671	0.81
NM_001005978	1296	1257	115.53299619	0.73
NM_201062	1892	1879	126.776739209	0.71
NM_200053	755	732	162.307484658	0.76
NM_001102629	1594	1248	136.257528656	0.76
NM_201298	2030	2001	323.265689329	0.89
NM_131351	1260	1225	226.187314491	0.81
NM_205689	1543	1352	112.002804186	0.73
NM_001126377	1826	1589	107.852281982	0.77
NM_200302	1501	1497	335.231762378	0.83
NM_001007168	1086	968	147.640001826	0.75
NM_001082830	1131	1042	140.544790313	0.76
NM_199773	1731	1720	237.038703429	0.82
NM_199576	2107	2073	241.29635631	0.9
NM_213080	2202	2157	557.403177882	0.89
NM_001004635	1079	1064	189.984083584	0.82
NM_001110126	1521	1512	302.249350925	0.83
NM_212646	1189	1001	125.309631878	0.78
NM_001202510	960	416	122.220523002	0.76
NM_212597	953	913	215.364876463	0.79
NM_199782	2184	2119	915.227389191	0.84
NM_200221	1906	1883	235.501271455	0.81
NM_001002505	686	680	323.029091164	0.84
NM_001327898	2644	2251	114.077919343	0.78
NM_205650	1236	1196	102.381754963	0.73
NM_130939	1435	1434	1352.92149438	0.93
NM_200295	1397	1383	191.186226021	0.85
NM_212952	393	379	121.555867231	0.75
NM_200845	453	451	519.164840558	0.86
NM_130925	1985	1984	738.4152874	0.87
NM_001077544	2495	2352	124.327037519	0.79
NM_199997	1964	1895	179.90084212	0.85
NM_213663	1657	1344	120.227548179	0.78
NM_213113	524	513	144.915042018	0.72
NM_199864	1251	1183	129.025296262	0.79
NM_001328190	3336	3102	149.372377985	0.82
NR_135206	2284	1786	102.185236296	0.79
NM_001351701	2205	1781	462.090932948	0.9
NM_173253	4213	3344	117.738431683	0.8
NM_001020774	3642	3556	153.485847204	0.82
NM_200216	1783	1503	105.216867198	0.7
NM_001122749	4702	4617	146.319951151	0.81
NM_194373	2095	1720	116.404982248	0.78
NM_200621	3430	3357	150.073753036	0.84
NM_001004674	895	884	366.507533816	0.89
NM_001089347	2094	1981	103.002225567	0.72
NM_001159825	533	456	134.864805335	0.81
NM_001017633	1921	1915	316.076324488	0.83
NM_212586	3074	2978	172.965205381	0.84
NM_001044950	994	985	135.750692477	0.74
NM_001110403	2335	2335	1066.81539298	0.85
NM_213479	1687	1653	386.230603903	0.87
NM_001033107	2124	1987	238.074606937	0.8
NM_200115	1931	1705	107.243669433	0.74
NM_001002335	1771	1767	231.340591223	0.81
NM_001313759	4194	2781	101.130451988	0.79
NM_199672	2895	1872	112.059121259	0.8
NM_199727	2361	1127	112.050328026	0.99
NM_201185	1255	1171	150.141535919	0.83
NM_212569	2189	1950	124.520273828	0.81
NM_001082551	5347	3733	115.649733252	0.86
NM_001002079	503	488	219.320344475	0.74
NM_001017899	1282	1190	186.02973508	0.83
NM_173224	998	995	925.719264959	0.92
NM_001030227	3083	3000	145.519968598	0.78
NM_199925	1383	1377	257.695514574	0.82
NM_200342	1260	1217	104.892584823	0.73
NM_198908	3473	2775	129.037165806	0.83
NM_213058	2340	2320	195.559388624	0.8
NM_001142954	1763	1538	134.635322699	0.83
NM_001044959	1736	1714	267.063728799	0.82
NM_200120	3568	2665	120.670424173	0.8
NM_213722	1391	1372	134.323773071	0.8
NM_201315	2419	2360	174.155418252	0.82
NM_001017797	1307	1307	1008.74316536	0.9
NM_131585	1058	1057	377.365184267	0.83
NM_001127477	3663	2671	126.133374177	0.8
NM_001076652	2835	2789	347.953464999	0.86
NM_200529	1496	1418	126.224156186	0.81
NM_200917	1752	1683	102.29826221	0.7
NM_198143	657	641	159.139271135	0.75
NM_199562	1746	1680	164.882325033	0.79
NM_001003634	2085	1791	127.201435137	0.8
NM_001003422	932	832	111.477922559	0.71
NM_201480	1497	1448	159.665078173	0.79
NM_001017866	726	649	185.199438996	0.84
NM_173222	1437	1413	128.499559977	0.74
NM_001003869	1684	1683	324.648859637	0.85
NM_200047	832	816	223.374523918	0.75
NM_198356	3253	2698	114.248461563	0.78
NM_131452	2133	2110	270.651549405	0.86
NM_200317	3287	3120	115.999509586	0.77
NM_200431	2094	1984	191.747558476	0.89
NM_131775	1163	1132	113.68251646	0.69
NM_213440	2146	2083	114.043306216	0.79
NM_200823	5471	5063	127.324638421	0.82
NM_201177	964	952	149.230864164	0.78
NM_214817	1907	1889	176.124272354	0.75
NM_001003532	1764	1674	205.531074578	0.84
NM_212932	1336	1328	228.099199719	0.79
NM_173234	483	474	379.376051928	0.8
NM_001080087	1141	911	100.835741463	0.7
NM_001025460	2415	2394	341.988442454	0.85
NM_001076556	1931	1844	160.911634527	0.81
NM_131883	2454	2351	231.853441177	0.88
NM_199953	1856	1803	135.517865842	0.79
NM_152953	2185	2171	213.531090873	0.82
NM_001089525	3846	3604	221.437800287	0.9
NM_001003544	1244	1199	100.726901523	0.69
NM_200912	2625	1823	100.879984663	0.82
NM_130995	2082	2067	585.287448723	0.88
NM_001004003	3275	3212	180.587352468	0.8
NM_200056	904	895	237.50707111	0.83
NM_001017637	1944	1835	190.283673904	0.83
NM_199825	965	927	153.000416502	0.73
NM_200125	1594	1540	241.765686446	0.87
NM_001081749	2396	2322	173.523703914	0.82
NM_198872	2941	2896	139.16781918	0.83
NM_131580	1081	1059	108.508592939	0.71
NM_001008627	2362	2033	151.464682134	0.82
NM_001003449	1713	1554	106.035952902	0.79
NM_001004652	514	486	377.340363813	0.9
NM_213417	619	595	412.585015047	0.87
NM_001002684	2073	2061	142.832319901	0.78
NM_001083028	2853	2754	157.657149904	0.83
NM_214773	1667	1635	630.421951572	0.9
NM_001080176	1395	1391	366.879841375	0.86
NM_001002440	876	769	123.470566922	0.75
NM_199588	1289	1132	166.754311851	0.75
NM_214768	3311	3114	140.630877546	0.83
NM_001008603	1538	1487	122.113307836	0.74
NM_001128693	2431	2284	215.911498354	0.82
NM_001003618	1299	776	100.891199624	0.77
NM_001003609	3381	3033	108.67392333	0.82
NM_001328559	2598	1788	157.121259324	0.86
NM_152973	2095	2073	136.974661919	0.79
NM_001089546	1288	1158	118.676378212	0.84
NM_001025535	1024	941	112.955191339	0.77
NM_199863	2172	2147	182.194348145	0.79
NM_001002596	1471	1468	370.427488269	0.88
NM_131455	2783	2748	240.857007438	0.82
NM_201584	658	658	1170.76219439	0.87
NM_001044395	1041	966	151.168069577	0.81
NM_001002677	1296	1224	893.102258889	0.88
NM_200026	515	511	642.27778732	0.82
NM_212726	1694	1400	110.137727107	0.77
NM_213638	1000	994	485.901358397	0.88
NM_213204	482	481	466.036044954	0.86
NM_001014343	2029	1983	272.246931193	0.88
NM_001005941	1106	1089	363.790247676	0.87
NM_001005769	1842	1815	248.939266574	0.83
NM_131710	2418	1659	143.060672028	0.83
NM_213013	986	986	337.06396992	0.86
NM_001017764	2229	2164	115.674615157	0.79
NM_001288657	839	803	178.536934009	0.79
NM_199723	2044	1962	196.815654468	0.86
NM_199763	3910	3128	123.303294605	0.84
NM_214774	1990	1706	101.41091687	0.71
NM_001200015	1903	1691	125.14255157	0.76
NM_001159528	565	552	190.072265506	0.78
NM_001045013	3195	3043	128.21884784	0.72
NM_001007383	1101	1081	246.161756911	0.87
NM_001004589	2795	2712	133.869854476	0.74
NM_212986	1706	1615	158.910719634	0.81
NM_205599	1107	1079	246.279362523	0.86
NM_001305546	3508	3304	122.396593108	0.77
NM_001145554	4414	4058	150.816259095	0.82
NM_001039497	1208	1162	136.212634272	0.74
NM_001312882	1918	1861	255.371236522	0.84
NM_001327754	2519	2108	122.240336669	0.82
NM_001003868	590	570	145.542687931	0.83
NM_001033746	1944	1902	137.742930847	0.81
NM_001089351	631	556	658.87580069	0.84
NM_213535	1851	1808	160.165482413	0.8
NM_001045182	1962	1446	100.40967464	0.83
NM_001126455	927	895	173.38444719	0.81
NM_180965	852	852	1936.2771186	0.89
NM_001346309	2477	1385	115.791290006	0.86
NM_001001889	2350	2309	172.578367255	0.81
NM_200089	4068	2794	130.490960216	0.85
NM_001243178	360	329	285.954237716	0.78
NM_212630	2077	2059	241.91774795	0.9
NM_201492	2157	2105	300.834730409	0.86
NM_212572	1919	1710	168.789129222	0.83
NM_201112	1531	1466	244.657342431	0.84
NM_200774	1411	1356	133.381677772	0.69
NM_001045402	900	886	598.132466289	0.89
NM_001109741	1428	1342	180.870853696	0.87
NM_199839	2240	2110	178.605103926	0.8
NM_200975	1284	1063	138.403503192	0.8
NM_001030277	4308	3911	111.295925161	0.82
NM_213379	2414	2198	113.180176577	0.82
NM_200227	509	502	326.82092888	0.88
NM_200027	727	722	226.822196936	0.84
NM_001003432	636	632	432.597789089	0.86
NM_131599	1227	971	189.985211271	0.81
NM_214714	2273	2263	193.174331821	0.8
NM_001002378	887	839	264.652592928	0.9
NM_213235	2369	2220	189.729929579	0.82
NM_213197	1918	1686	114.957969826	0.78
NM_001033106	1940	1911	313.777617031	0.82
NM_001302634	1322	838	254.569829208	0.87
NM_001040321	1659	1345	383.955358759	0.89
NM_201088	2471	2333	107.30503237	0.77
NM_200403	1359	1287	165.010700642	0.81
NM_001077599	2818	2575	107.598057201	0.79
NM_001256652	3850	3164	122.387836242	0.81
NM_001004675	823	775	121.364522894	0.79
NM_001002557	975	848	144.705649743	0.79
NM_200416	1414	1240	127.691339254	0.8
NM_001171067	3834	1881	113.176403387	0.8
NM_001256193	1325	1318	197.936881064	0.79
NM_131760	1239	1164	164.183193368	0.86
NM_131263	1753	1752	1307.14928722	0.85
NM_001020684	1181	1144	113.11253352	0.79
NM_199480	2006	1936	212.269047584	0.85
NM_001309383	1906	1772	142.122073303	0.77
NM_131670	1758	1742	255.236225297	0.83
NM_001127470	488	408	131.192077687	0.78
NM_213016	3014	2878	136.650738268	0.79
NM_198375	3977	3264	107.910330116	0.74
NM_198802	1827	1627	111.349337595	0.79
NM_001044811	947	853	128.612876314	0.78
NM_212758	782	781	739.374148581	0.88
NM_001282177	500	486	284.459502426	0.76
NM_001037386	2280	2062	190.621324386	0.82
NM_001077738	2536	2304	124.056683087	0.82
NM_212615	1918	1861	181.149161431	0.85
NM_200102	2428	1917	103.267027883	0.76
NM_001002527	968	682	224.156055672	0.86
NM_001044779	1182	1137	449.980140715	0.91
NM_131220	1791	1777	268.764744107	0.82
NM_198142	2269	1823	207.322081712	0.84
NM_001080196	2669	2649	174.510563578	0.82
NM_200078	1580	1235	104.211708611	0.74
NM_198070	2674	2644	155.377072205	0.8
NM_001007186	1224	1070	135.970032546	0.79
NM_001012316	494	490	166.550572085	0.86
NM_212833	990	978	839.712528177	0.91
NM_001004665	755	590	189.46787087	0.82
NM_199980	1802	1691	161.865405911	0.84
NM_001002069	344	337	250.00553684	0.78
NM_001013552	1015	856	183.272287609	0.85
NM_213298	1609	1562	171.052287663	0.84
NM_001102676	5182	4685	185.047238512	0.88
NM_199725	632	554	175.241634456	0.8
NM_001033595	4350	4292	320.879867335	0.9
NM_213124	1505	1420	603.341651584	0.87
NM_001077716	2924	2702	154.4927389	0.85
NM_200303	785	785	1096.18870803	0.88
NM_001105599	1365	1346	374.939749796	0.85
NM_212714	2038	1950	111.783123465	0.77
NM_200034	781	775	450.420080981	0.88
NM_130912	2296	2027	139.475939866	0.82
NM_001079973	1842	1828	514.652883522	0.9
NM_001002546	1137	1027	114.893061487	0.81
NM_131722	2285	2262	155.900275491	0.81
NM_001002867	8579	8269	153.177099033	0.74
NM_001025186	1368	1360	174.819788053	0.79
NM_001002317	629	612	112.002128862	0.76
NM_201176	975	929	112.257518125	0.79
NM_200086	1012	1012	1110.85790807	0.86
NM_001009902	1242	611	100.621597736	0.88
NM_001351700	2305	1890	477.909401564	0.91
NM_200710	2233	2148	166.159127152	0.83
NM_001004296	3558	3478	163.371240917	0.8
NM_194397	1204	734	116.414023553	0.78
NM_213019	1049	904	181.764829893	0.79
NM_214793	694	685	137.771976925	0.74
NM_200860	1037	1006	139.294504573	0.79
NM_001002139	610	609	415.512613397	0.85
NM_212676	1015	1000	198.669314359	0.79
NM_212974	2185	2023	104.487720868	0.75
NM_205699	3086	2570	108.023717074	0.77
NM_200446	2044	1984	156.976581613	0.78
NM_001002104	1581	1537	113.735270649	0.77
NM_001328036	7934	1982	309.014589724	0.93
NM_199843	2780	2754	198.404986662	0.86
NM_199432	2083	2079	210.585380696	0.83
NM_001013573	2294	2117	130.217985708	0.8
NM_214783	1935	1904	164.130842174	0.78
NM_212769	1831	1513	129.253463063	0.81
NM_201122	430	404	137.326225399	0.74
NM_001024395	1099	1045	103.861512725	0.75
NM_001115117	1974	1856	124.01216012	0.82
NM_201468	1862	1833	427.930075356	0.88
NM_131620	1430	1404	217.775360217	0.8
NM_212671	1372	1361	447.86921104	0.88
NM_131820	3292	2939	235.999929254	0.89
NM_001024400	608	580	110.484577127	0.79
NM_001281985	1215	1138	111.543885084	0.74
NM_205562	1110	1105	450.009142728	0.88
NM_207063	1357	1301	167.403875712	0.79
NM_001044324	3798	3775	194.367362053	0.71
NM_213079	1728	1725	440.87356793	0.89
NM_199569	1523	1494	129.838565195	0.76
NM_199574	1813	1764	211.068074426	0.87
NM_201010	1360	1293	125.303184112	0.83
NM_001006022	1281	1272	171.683384982	0.78
NM_001007774	1090	1066	259.897597859	0.84
NM_212605	1994	1574	204.113740426	0.88
NM_199932	2022	2001	190.929661374	0.82
NM_212595	2011	1998	278.386935386	0.88
NM_201305	3465	3442	193.67092001	0.85
NM_001013533	2369	2368	962.236585477	0.89
NM_001076569	1891	1512	110.091589342	0.78
NM_001025536	2800	2712	151.373258644	0.79
NM_200304	1822	1803	199.269451285	0.82
NM_001081629	3711	3434	152.121807358	0.84
NM_213144	4896	3000	106.312198826	0.8
NM_212632	2072	1792	271.457942101	0.84
NR_132113	1666	1418	382.2457446	0.9
NM_001007060	2420	1894	109.297148097	0.8
NM_213302	1639	1639	1476.78551557	0.91
NM_001245968	5678	3500	101.520141815	0.83
NM_212708	2973	2971	635.420397784	0.91
NM_131801	2124	2019	153.284615089	0.82
NM_001005983	1451	1408	117.891741591	0.73
NM_205667	963	958	659.582300714	0.89
NM_200502	613	610	187.525652534	0.77
NM_199996	1431	1172	359.810418268	0.88
NM_001017688	1620	1589	101.007848295	0.63
NM_213070	1739	1727	315.185666128	0.83
NM_130922	2069	2065	528.862349652	0.9
NM_199277	3019	1936	100.398455455	0.79
NM_199278	1687	1426	111.967629929	0.84
NM_213351	1541	1530	356.699278178	0.86
NM_131404	1466	1401	344.453007057	0.83
NM_131686	3477	3382	159.853496137	0.82
NM_001319650	804	575	100.210466042	0.73
NM_200260	1376	1342	142.076511323	0.72
NM_183069	1801	1778	112.106846093	0.71
NM_212581	3212	3154	148.775523999	0.74
NM_194417	2696	2564	180.297124834	0.79
NM_201477	1088	1084	289.620059262	0.85
NM_199650	2613	2362	107.082375017	0.75
NM_194394	1014	999	168.898403232	0.81
NM_212663	2972	2855	188.613930514	0.85
NM_212994	2227	1920	145.583800351	0.81
NM_201501	2246	1904	118.060073708	0.75
NM_001002495	436	374	107.636245618	0.73
NM_200675	1581	1388	101.500748927	0.8
NM_001003439	1097	1033	109.34269576	0.72
NM_205627	2866	2501	108.939262187	0.75
NM_199677	2030	1824	156.276481033	0.87
NM_001256194	1220	1190	181.436711853	0.79
NM_131368	2562	1425	113.542485568	0.85
NM_200911	1640	1601	166.84308051	0.78
NM_213000	1716	1485	125.4268137	0.78
NM_001002540	1536	1435	137.946080476	0.76
NM_199770	1920	1724	112.285763298	0.78
NM_001270554	2133	2115	252.02893984	0.88
NM_001160335	1296	578	156.154349071	0.83
NM_198911	2905	2634	190.247256586	0.85
NM_001123389	4247	3159	127.287186605	0.79
NM_180964	755	755	2863.61470412	0.92
NM_001326493	4171	3866	145.075664586	0.78
NM_001002698	998	902	116.156907233	0.74
NM_001326706	1360	1153	123.688765907	0.82
NM_199549	2669	2324	109.122475262	0.75
NM_001320326	2130	1846	109.75611778	0.79
NM_001159911	659	624	114.997910937	0.75
NM_001002067	764	730	197.897815994	0.8
NM_001123279	1871	1816	139.663225001	0.8
NM_001080751	1766	1734	142.646171336	0.76
NM_001002486	304	304	412.059207195	0.85
NM_200259	1808	1656	110.898799509	0.69
NM_001100406	1393	1372	121.438420593	0.73
NM_001001399	1042	977	298.108743975	0.87
NM_001172570	2593	2403	146.737778602	0.81
NM_197934	2550	2350	116.076832386	0.79
NM_212710	2233	1933	141.91897148	0.81
NM_200694	868	853	284.438761414	0.85
NM_199518	2000	1307	138.504311634	0.83
NM_001077743	2781	1479	107.497292816	0.82
NM_001102393	1428	1356	101.78136533	0.77
NM_199579	3282	2615	115.917945584	0.79
NM_001110404	1945	1734	103.732046349	0.74
NM_213060	2913	2769	153.398858227	0.81
NM_199542	4070	2992	121.2837959	0.86
NM_177479	912	869	218.038104145	0.83
NM_131145	2634	2495	181.725955244	0.83
NM_200029	495	471	124.975673953	0.74
NM_001113800	1290	976	123.987524769	0.78
NM_212764	1590	1487	119.179953131	0.77
NM_001003474	1440	1357	149.117608213	0.84
NM_199708	2037	2032	713.543657894	0.9
NM_213182	1676	1647	238.042002524	0.81
NM_001097584	3917	2596	102.107205399	0.78
NM_173249	703	685	179.1745651	0.76
NM_212757	1834	1701	202.30682485	0.84
NM_001045064	6953	3283	124.817607045	0.87
NM_001312897	3464	2811	112.103407347	0.78
NM_001037222	1931	1870	189.759422443	0.86
NM_001270540	1921	1834	159.587290072	0.83
NM_001126422	735	622	158.356951754	0.79
NM_001083818	2481	2250	134.841889452	0.83
NM_199799	1813	1567	119.213253786	0.8
NM_001017599	1089	970	101.234498497	0.71
NM_001013471	1225	949	138.926123053	0.77
NM_173835	1772	1674	162.463940268	0.81
NM_001024405	951	922	104.231577019	0.76
NM_205558	1625	1603	151.562609935	0.79
NM_199559	2198	1864	126.741606001	0.79
NM_181757	1865	1816	123.275127778	0.8
NM_200752	630	621	304.77213162	0.85
NM_201303	3213	3131	166.950653292	0.8
NM_201085	3198	2758	113.662509466	0.79
NM_001115140	2557	2473	183.284046112	0.85
NM_181330	2728	2481	114.317694512	0.77
NM_001040004	2042	1951	106.658182813	0.7
NM_001002353	1295	1201	113.539301307	0.75
NM_213257	2641	2611	174.285468936	0.75
NM_001100089	1610	1550	296.170598629	0.85
NM_001044754	1503	1502	382.458062857	0.89
NM_001077378	2168	2094	129.700442621	0.8
NR_138548	701	634	172.43013328	0.78
NM_001003863	2277	2119	143.873067025	0.8
NM_001024407	769	763	289.959974089	0.85
NM_213486	1795	1761	163.50251603	0.76
NM_212802	2687	2560	161.106724071	0.8
NM_001017896	893	870	195.939832359	0.77
NM_001002606	1391	1102	285.891694411	0.89
NM_001328507	1428	1370	110.493659436	0.75
NM_001089371	1328	1231	103.924212038	0.77
NM_001123299	3138	3000	111.807024097	0.74
NM_001006043	1386	1292	106.12762974	0.78
NM_131573	742	730	133.143301976	0.74
NM_001015060	2812	1910	370.383909386	0.9
NM_201343	1686	1573	108.5796349	0.7
NM_001025533	2603	2514	134.08894039	0.79
NM_001002164	1610	1569	122.352998595	0.75
NM_199994	1598	1576	304.226604899	0.86
NM_200713	813	761	111.80355579	0.72
NM_213370	1821	1796	196.575855299	0.8
NM_001002147	990	863	104.501396806	0.73
NM_001045471	1147	983	109.647416199	0.73
NM_200257	3057	2551	100.478179778	0.79
NM_001003875	2443	1881	118.706555229	0.79
NM_001002211	1406	1312	119.55085385	0.79
NM_199546	1638	1636	326.596411904	0.86
NM_183072	3116	2970	217.783116814	0.84
NM_200839	1497	1481	107.463268235	0.7
NM_200607	1909	1640	106.982550974	0.76
NM_001007335	1902	1865	116.572064468	0.75
NM_131057	2859	2400	136.486998502	0.85
NM_131390	2996	2570	162.328728487	0.81
NM_200100	1262	1224	152.355635346	0.79
NM_001002064	1628	1439	105.178008715	0.74
NM_212599	3242	2421	115.863032978	0.78
NM_199885	3396	3282	113.413908842	0.77
NM_001079974	2913	2054	143.807317816	0.86
NM_001256729	1792	1745	179.879496955	0.85
NM_001007364	1096	1072	139.461372389	0.75
NM_200771	1335	1251	271.396527077	0.86
NM_212985	1619	1556	135.219081387	0.83
NM_199591	1983	1945	113.937332372	0.73
NM_001309473	986	635	100.651803128	0.81
NM_001313770	853	832	1350.73489193	0.9
NM_001037667	6656	4828	133.111677925	0.86
NM_200322	1385	991	102.153347777	0.81
NM_198805	3777	3709	240.369096405	0.86
NM_001006019	1571	1520	150.923424673	0.75
NM_001105108	1254	1254	777.72109032	0.9
NM_001007153	1209	1163	120.46381049	0.73
NM_201078	1493	1366	170.440483261	0.85
NM_001126388	3177	2889	104.442664763	0.72
NM_200182	2697	2688	287.809059538	0.88
NM_001080041	2858	2839	257.05056423	0.84
NM_199692	2181	2113	161.755811599	0.79
NM_200030	265	241	166.124955057	0.79
NM_213250	3048	2923	193.978393794	0.83
NM_199746	2436	2394	263.023301767	0.81
NM_212803	2808	2766	168.725212003	0.78
NM_001002448	1520	1348	132.755099907	0.74
NM_200006	1388	1311	150.085221473	0.81
NM_213446	2005	1850	116.832636216	0.8
NM_001270973	2474	1590	109.589841281	0.82
NM_001013272	2053	1658	132.323969548	0.87
NM_181601	1767	1764	467.843243836	0.86
NM_213435	1901	1735	139.782240929	0.77
NM_201483	2936	2928	279.276999318	0.87
NM_201496	2160	2047	150.822270142	0.81
NM_213382	1769	1762	333.331026302	0.88
NM_199636	728	710	160.294862571	0.74
NM_001003758	1471	1457	201.675145201	0.83
NM_001002468	1022	979	125.367589143	0.77
NM_001080806	7312	5077	189.525124206	0.88
NM_001099251	1172	979	108.712999655	0.79
NM_213178	1954	1946	595.864026339	0.91
NM_200765	520	506	219.764927858	0.77
NM_201191	379	374	186.043285104	0.81
NM_131331	1327	1023	112.277200703	0.82
NM_131594	2098	1743	106.377671952	0.7
NM_001003437	962	929	100.498856776	0.72
NM_001017769	1380	1315	400.272997757	0.86
NM_201459	3038	2714	107.814788603	0.78
NM_001009898	878	869	172.991891731	0.79
NM_001199675	1110	1062	124.310015598	0.75
NM_212675	1290	1269	164.504712737	0.76
NM_001002478	640	566	209.92510846	0.82
NM_001114406	2982	2548	109.493913319	0.76
NM_001030239	2705	2677	206.052789816	0.8
NM_001024409	1233	1225	821.768732799	0.87
NM_001077355	1851	1836	155.516672403	0.78
NM_198870	2196	2172	423.434231743	0.87
NM_213426	1246	542	117.054600152	0.84
NM_001105277	2672	2608	136.09124164	0.79
NM_001076629	1060	1036	160.83372608	0.76
NM_001017863	937	889	108.583234321	0.72
NM_201318	1400	1398	367.699921607	0.85
NM_001002688	2438	2322	189.660481195	0.84
NM_001042687	3427	2968	106.874381864	0.77
NM_201451	1923	1484	110.837351295	0.75
NM_001076732	519	517	193.820038499	0.78
NM_214706	1706	1677	276.500012388	0.89
NM_131247	1497	1482	231.251284233	0.79
NM_001013443	4163	3954	205.635873527	0.85
NM_213034	513	352	320.358175717	0.86
NM_205560	1988	1400	103.165087784	0.76
NM_001002106	1038	1038	463.169053989	0.85
NM_212866	1539	1462	109.830324183	0.75
NM_001111223	2405	2174	114.524300362	0.79
NM_200993	2423	2356	256.867579776	0.86
NM_001111207	2027	1981	111.659661632	0.74
NM_001002058	1464	1364	102.940280332	0.77
NM_199547	2150	2022	192.042577401	0.86
NM_199602	1906	1695	110.708868392	0.75
NM_198821	2152	2111	133.438714522	0.73
NM_001013300	2429	2421	264.384764028	0.79
NM_205722	1431	1315	113.794301871	0.76
NM_001002160	1522	1453	110.013875463	0.76
NM_199913	3736	3093	105.281133231	0.79
NM_001256190	1048	972	404.342528698	0.84
NM_131664	2006	1962	116.861929598	0.79
NM_001083577	3079	2947	146.796023838	0.73
NM_173252	721	613	173.947769527	0.86
NM_001256205	3476	3262	148.399742166	0.86
NM_201469	2279	2178	129.193475173	0.78
NM_001309267	2448	2379	238.177347612	0.87
NM_199809	1701	1574	103.932767912	0.75
NM_001003861	634	625	188.12301876	0.77
NM_001018165	3163	3102	137.285289199	0.82
NM_153661	1378	1364	179.282072016	0.83
NM_199755	1780	1709	123.963134402	0.74
NM_001089339	2002	1974	203.036761021	0.81
NM_200977	1154	1064	118.770311874	0.78
NM_131456	3732	3511	177.422636091	0.88
NM_213185	1250	1231	220.786375083	0.79
NM_198807	2455	2437	396.910322809	0.89
NM_212723	3491	3467	256.307930604	0.86
NM_173241	2359	2340	163.548145104	0.82
NM_213334	944	932	206.886879274	0.8
NM_213464	2597	2401	108.227523238	0.69
NM_130948	1240	1235	601.32582484	0.9
NM_212587	1840	1836	649.125546548	0.9
NM_200171	1702	1676	293.348007152	0.86
NM_213145	1383	1373	234.815795575	0.81
NM_131294	747	716	188.645114912	0.76
NM_200177	1899	1882	156.883510454	0.83
NM_001288658	2035	1996	152.0836797	0.72
NM_212628	1695	1657	182.35607308	0.83
NM_213317	2315	1812	680.420040567	0.93
NM_212993	966	963	130.778950247	0.74
NM_213364	2853	2831	425.215426015	0.85
NM_001020749	1069	1027	208.077301512	0.82
NM_200107	1423	1384	366.292183375	0.86
NM_001002056	1394	1244	121.146245286	0.76
NM_200046	629	452	184.839470621	0.83
NM_199639	2171	1714	121.910436408	0.81
NM_213293	1692	1680	296.191720361	0.83
NM_001024735	1269	1249	111.344804034	0.69
NM_173232	700	676	165.446103383	0.78
NM_131069	2357	2344	347.048395514	0.89
NM_173236	2213	2190	306.818987575	0.86
NM_001077314	2329	2013	145.719245904	0.82
NM_131176	1454	1452	499.377355724	0.83
NM_001044902	1913	1873	191.264635676	0.87
NM_001024439	820	789	150.437465697	0.77
NM_199823	1848	1829	196.699243281	0.79
NR_132439	3553	2931	121.637545421	0.8
NM_198809	1593	1560	398.44930322	0.8
NM_212828	1860	1775	136.850326539	0.8
NM_001033741	841	791	166.966196519	0.81
NM_001098480	441	421	177.572271988	0.86
NM_001017874	1045	1021	287.686571428	0.84
NM_200059	1469	874	128.227980263	0.77
NM_001007351	1001	892	130.031013518	0.83
NM_181559	1968	1917	169.833014851	0.83
NM_200023	654	626	156.929925191	0.78
NR_145818	2099	1867	12570.8978289	0.91
NM_131240	2447	2365	110.23707458	0.72
NM_001002559	1858	1804	128.707365837	0.81
NM_212725	2193	2108	133.627859905	0.76
NM_213157	1702	1680	156.280106056	0.81
NM_001017400	1168	1091	111.821122658	0.76
NM_001013260	1373	1158	106.950630549	0.77
NM_199653	2168	2079	135.917481054	0.8
NM_201043	1067	1038	187.971531654	0.85
NM_001017752	1868	1839	155.376477404	0.8
NM_197937	499	492	585.050634209	0.84
NM_194398	1339	1332	243.273260612	0.85
NM_213515	2105	1929	105.40737476	0.68
NM_213434	3998	3633	146.243304316	0.85
NM_001083544	548	526	170.335249131	0.87
NM_001003843	777	756	169.399332068	0.82
NM_001160409	1279	1065	104.418912959	0.71
NM_001098730	1026	1016	337.913428828	0.87
NM_001007450	2019	1893	111.147079638	0.71
NM_001045426	819	722	102.931226122	0.76
NM_001031676	2397	2384	528.752991597	0.85
NM_001199720	2183	2097	138.010029141	0.73
NM_213107	1258	1222	111.096729577	0.71
NM_001328586	881	841	108.66455399	0.75
NM_001271817	931	904	412.104089764	0.85
NM_199428	1597	1522	507.088923793	0.87
NM_001089542	2618	1974	105.06859086	0.74
NM_001002203	755	742	265.793202874	0.79
NM_001013273	3625	3570	121.723017095	0.8
NM_212766	2522	1243	104.735119139	0.79
NM_001089428	3015	2925	310.265541845	0.9
NM_001080046	2561	2286	107.988013986	0.78
NM_200766	1140	1096	175.035074163	0.81
NM_001045848	1378	1335	149.539672474	0.78
NM_001243037	635	616	148.970397112	0.79
NM_001044993	2166	2071	143.033616102	0.8
NM_001017632	1861	1835	267.853483516	0.85
NM_205668	1493	1424	149.349314305	0.81
NM_001161487	585	525	167.28467813	0.84
NM_001002427	555	535	220.220457478	0.81
NM_182866	2633	1986	460.050691315	0.88
NM_001007296	1464	1418	110.320413262	0.78
NM_001004289	2206	2160	151.745303754	0.82
NM_131734	904	884	508.387347725	0.85
NM_001126482	3181	2226	103.831743062	0.79
