NM_213503	4437	1599	105.46579465	0.86
NM_131404	1466	1397	498.616517766	0.92
NM_001002573	1000	752	118.151351231	0.78
NM_001020684	1181	847	115.855253022	0.83
NM_001076591	1014	825	120.618162626	0.85
NM_213350	1326	835	111.133508166	0.81
NM_201117	1162	998	144.460016373	0.82
NM_200993	2423	1269	151.956556302	0.86
NM_131337	2643	2174	218.131954517	0.82
NM_001007055	1328	1000	112.412958851	0.85
NM_001089408	1642	1580	183.92555276	0.87
NM_001089525	3846	1480	140.350262324	0.86
NM_212676	1015	960	179.624923974	0.85
NM_213079	1728	1662	323.70871277	0.85
NM_131734	904	881	659.707653239	0.77
NM_212603	1499	1175	190.567849025	0.79
NM_001040052	1228	423	158.297162342	0.95
NM_001007059	822	809	252.377617645	0.86
NM_213262	2403	1593	186.988879521	0.86
NM_201177	964	894	166.853273092	0.85
NM_001007383	1101	816	179.740259147	0.78
NM_001002073	1238	568	109.684380605	0.72
NM_201298	2030	1821	199.707052562	0.84
NM_213406	1601	1137	144.972550358	0.83
NM_201185	1255	930	137.141078424	0.87
NM_001002499	530	441	171.575783333	0.85
NM_212833	990	930	479.279379619	0.85
NM_200078	1580	987	156.577133422	0.87
NM_213157	1702	1549	170.979724756	0.85
NM_213145	1383	852	161.84397834	0.85
NM_199588	1289	1095	241.073208402	0.88
NM_213489	2128	830	105.226476882	0.81
NM_001002486	304	302	700.352760642	0.91
NM_001017601	516	482	177.925502493	0.89
NM_001270554	2133	2056	281.878467556	0.87
NM_001002155	566	558	279.041424156	0.91
NM_001111175	1214	559	114.964757125	0.83
NM_001305588	928	718	128.88584407	0.84
NM_001003618	1299	759	111.223623387	0.84
NM_201291	1505	1016	117.110418903	0.85
NM_199692	2181	1471	118.441752618	0.81
NM_001024399	989	923	182.787104042	0.89
NM_131878	1123	595	108.180727772	0.82
NM_173240	1818	754	105.514579127	0.83
NM_001083028	2853	1859	146.687160537	0.86
NM_214699	1423	967	208.286187266	0.81
NM_214723	1488	1419	330.305883282	0.88
NM_199850	1154	1011	138.288719237	0.85
NM_213021	826	792	196.428898547	0.84
NM_001013528	1199	1033	161.356867985	0.88
NM_200533	1158	1058	128.998031875	0.86
NM_152949	1899	1896	626.102664356	0.81
NM_001001399	1042	974	466.524955989	0.91
NM_201477	1088	1080	480.987798623	0.88
NM_001083546	4423	2419	116.220853822	0.81
NM_213293	1692	1679	334.610234663	0.66
NM_153644	800	793	797.996663757	0.9
NM_001143933	1434	892	101.347867956	0.86
NM_001005941	1106	616	129.607230773	0.81
NM_001031671	1213	996	225.133783221	0.84
NM_205673	1403	1207	278.795532718	0.84
NM_001003844	919	807	187.744261538	0.9
NM_173251	890	866	310.218567841	0.83
NM_001114580	3020	1734	123.740426299	0.82
NM_214773	1667	1558	1762.36537528	0.91
NM_212569	2189	1426	136.005859347	0.83
NM_001328036	7934	942	1708.0402789	0.94
NM_200896	1087	876	106.262385596	0.84
NM_001281721	1433	1420	966.525053719	0.86
NM_001017632	1861	1614	186.314662653	0.82
NM_001256193	1325	1205	164.063734673	0.84
NM_212758	782	782	1225.67075637	0.91
NM_001089544	1215	1131	583.690962543	0.86
NM_001017688	1620	1348	129.38767818	0.85
NM_001020596	913	37	191.372079283	0.99
NM_001114478	1323	932	139.214097278	0.89
NM_001145694	1937	1479	149.356011188	0.81
NM_173266	486	409	134.716039278	0.84
NM_200230	1722	1335	119.550463025	0.82
NM_213363	2054	1626	140.935445081	0.88
NM_200107	1423	1401	411.729216006	0.82
NM_001159911	659	614	170.432509565	0.9
NM_001079961	2760	1347	109.974139871	0.85
NM_001033106	1940	1255	148.378401464	0.84
NM_131512	2178	1785	145.893166211	0.83
NM_200564	1980	1059	120.208673197	0.84
NM_213387	1902	1322	128.693464514	0.84
NM_201579	1950	1628	274.538481034	0.81
NM_001002097	987	728	139.387677853	0.85
NM_205558	1625	725	101.59899502	0.77
NM_200094	2754	2515	219.68600799	0.9
NM_001110111	666	604	165.655586084	0.87
NM_212587	1840	1626	307.626719897	0.77
NM_205559	2111	1831	199.26877465	0.87
NM_201146	561	552	392.065561128	0.89
NM_201483	2936	2547	222.579082201	0.84
NM_199855	1873	1561	151.316809571	0.87
NM_201466	2743	1664	121.803653165	0.76
NM_001037108	818	603	131.957715291	0.85
NM_180964	755	755	3297.43599703	0.91
NM_001045426	819	659	157.453548604	0.86
NM_212709	1904	1854	269.983555029	0.82
NM_201313	2390	1734	121.554174836	0.86
NM_001005937	2939	1898	170.057701805	0.84
NM_001089351	631	555	655.297653267	0.9
NM_213068	2654	2211	206.537087807	0.83
NM_001006005	498	471	150.595338884	0.8
NM_130912	2296	1091	103.36639201	0.82
NM_213214	1843	897	117.245493759	0.85
NM_198142	2269	1152	110.068750153	0.78
NM_201321	657	527	109.707363685	0.81
NM_173238	3052	1323	120.010780163	0.84
NM_001024405	951	827	123.541730769	0.83
NM_001162502	4392	1230	115.35890107	0.81
NM_183072	3116	2442	187.376757256	0.85
NM_001109720	867	653	131.403460426	0.85
NM_001017831	1128	622	123.838842135	0.74
NM_213370	1821	1438	124.056480668	0.77
NM_200302	1501	1472	303.463950134	0.88
NM_001020605	737	685	161.698530517	0.85
NM_001089372	757	317	102.528423406	0.9
NM_131710	2418	1492	141.299513478	0.82
NM_001025186	1368	1341	336.32515562	0.93
NM_200977	1154	983	137.533353257	0.83
NM_201488	2650	1315	132.218348055	0.79
NM_001005769	1842	1414	145.777695991	0.82
NM_001017739	862	842	271.718797523	0.89
NM_001100439	612	525	119.082890373	0.82
NM_001024403	693	666	266.297773795	0.89
NM_199585	1876	1406	120.593503557	0.85
NM_212681	1104	702	110.867618631	0.75
NM_001080753	912	778	125.019116115	0.85
NM_212832	2205	1013	152.014121279	0.85
NM_200038	1491	1337	173.849536131	0.88
NM_001100404	666	543	110.324833092	0.89
NM_200881	1996	1474	189.253522953	0.82
NM_001045388	833	818	388.307421757	0.93
NM_001003640	1732	1698	300.720508179	0.91
NM_001110388	538	366	325.584942396	0.94
NM_200053	755	719	153.618453967	0.88
NM_001017755	893	787	101.116183431	0.83
NM_001024426	1223	729	102.456299762	0.79
NM_213104	2249	1328	140.953329787	0.83
NM_205580	1191	1182	453.541880344	0.88
NM_212909	1162	1155	1341.8529719	0.92
NM_213182	1676	1570	241.459557639	0.79
NM_001002058	1464	1025	125.26578312	0.79
NM_201075	2837	1629	110.043698557	0.81
NM_131637	1945	925	155.980869638	0.84
NM_001024395	1099	648	123.88208107	0.85
NM_201053	1915	1366	101.861767438	0.89
NM_199756	1039	975	114.570922541	0.89
NM_001017620	757	522	119.612129757	0.91
NM_001002575	1120	1028	150.368734134	0.82
NM_200028	466	455	358.058249069	0.91
NM_200010	1237	1144	144.539277796	0.84
NM_001080609	3345	615	110.331004885	0.76
NM_001110121	508	499	685.89708039	0.89
NM_001001593	537	523	617.598766994	0.94
NM_200959	1797	1519	204.218506601	0.84
NM_201449	2975	1468	142.322180138	0.87
NM_199773	1731	1219	159.382829365	0.82
NM_199750	1632	1336	139.509741998	0.81
NM_212711	2015	1637	127.207696432	0.85
NM_194366	2181	859	112.241903937	0.77
NM_131151	1311	1058	124.872168278	0.79
NM_199734	1635	1595	238.48336743	0.85
NM_001002864	1690	1102	132.763707445	0.82
NM_131376	1589	1178	158.817042363	0.83
NM_001045013	3195	2897	138.353465368	0.83
NM_199822	2064	1319	106.909194716	0.86
NM_200774	1411	1182	139.023823043	0.87
NM_001353934	559	548	3925.02347841	0.94
NM_001077716	2924	1578	116.981090383	0.88
NM_001002211	1406	1225	139.032956818	0.88
NM_001161487	585	476	177.799296426	0.88
NM_213479	1687	1370	263.099686911	0.86
NM_198806	2485	2427	250.61987143	0.88
NM_001111176	2020	1171	171.467350604	0.86
NM_001002468	1022	1001	278.895417483	0.89
NM_001002419	2672	1369	115.044318388	0.86
NM_212615	1918	1169	152.337668694	0.83
NM_131455	2783	2642	297.4404442	0.88
NM_001001819	490	482	348.076905498	0.91
NM_131513	1495	1489	1546.22627237	0.85
NM_200743	1036	672	122.406048589	0.81
NM_001098730	1026	819	202.29869553	0.81
NM_199778	1440	1399	238.359377641	0.93
NM_001003474	1440	1069	134.601772033	0.87
NM_001007774	1090	680	130.09628273	0.81
NM_213514	2079	470	1093.03204007	0.97
NM_213058	2340	2325	540.498614867	0.92
NM_178290	1341	1063	156.747973817	0.82
NM_200129	1694	1543	166.692964391	0.88
NM_001145604	3234	2086	114.009663564	0.88
NM_153661	1378	1327	216.458839803	0.8
NM_131213	2019	1467	156.800809548	0.81
NM_199554	2768	1615	110.397553485	0.87
NM_199963	1953	1833	185.770209742	0.84
NM_001001590	1354	1294	575.960566286	0.9
NM_201467	1977	1109	134.197190427	0.84
NM_001172556	1236	1123	151.391078487	0.89
NM_001024407	769	558	147.85894502	0.86
NM_001037410	1566	1054	115.422228077	0.86
NM_213317	2315	1716	425.635694332	0.82
NM_199432	2083	1845	189.818556488	0.84
NM_200260	1376	952	106.306266549	0.84
NM_199218	1922	1734	140.484189927	0.86
NM_212591	1717	1686	172.793697801	0.9
NM_199771	1782	1736	359.479998506	0.86
NM_131047	1625	1556	203.05465375	0.85
NM_001033595	4350	2957	255.124463199	0.81
NM_213277	2437	1713	143.664924952	0.77
NM_001012316	494	483	311.847826851	0.94
NM_001105277	2672	2074	143.24179046	0.83
NM_001005967	904	794	148.013348224	0.86
NM_001017752	1868	1258	142.713685927	0.86
NM_001089428	3015	1976	182.995379341	0.84
NM_201176	975	899	182.603465865	0.93
NM_200690	1889	1084	103.01682174	0.83
NM_199755	1780	1515	174.311050302	0.85
NM_001136488	2080	1325	124.131067274	0.82
NM_213486	1795	1295	131.379316014	0.76
NM_001045049	1708	1587	273.940776723	0.81
NM_001328190	3336	1144	101.807315111	0.76
NM_001173501	2284	979	105.341219778	0.8
NM_001008732	2434	1098	103.51220008	0.84
NM_214696	2658	2637	620.431333892	0.88
NM_001034178	683	546	126.262364034	0.83
NM_001309640	3873	1583	137.445379329	0.75
NM_131247	1497	1479	450.770598962	0.92
NM_001305584	1127	874	121.331956363	0.82
NM_212684	3555	1704	141.160643648	0.88
NM_201061	504	496	409.782389847	0.91
NM_199843	2780	1135	138.352710528	0.82
NM_001005983	1451	993	130.526558354	0.84
NM_201577	2524	2009	176.032459645	0.75
NM_001111168	1945	1099	160.630473158	0.81
NM_001102676	5182	2126	138.128023987	0.77
NM_001003598	838	722	203.946666905	0.83
NM_199811	2421	1748	114.717275206	0.84
NM_001288658	2035	2002	214.889932849	0.84
NM_001006013	770	691	160.657002668	0.8
NM_001110126	1521	1505	338.802768669	0.9
NM_200808	527	327	110.220019019	0.82
NM_212632	2072	1688	212.614998735	0.86
NM_199782	2184	2114	558.327865652	0.89
NM_001082823	3440	1772	100.947418529	0.83
NM_001109742	1330	1299	189.996236622	0.85
NM_173232	700	692	408.679421261	0.94
NM_199888	2218	2039	170.131500794	0.83
NM_199933	3311	1897	121.937770425	0.8
NM_001003758	1471	1438	238.426918804	0.87
NM_200342	1260	819	104.349134834	0.84
NM_001256631	2491	1125	147.80246161	0.89
NM_001020484	1611	1259	110.432338153	0.87
NM_200219	618	415	111.381534506	0.77
NM_001004667	1392	1221	234.590131039	0.85
NM_001123389	4247	2599	141.088778637	0.84
NM_200694	868	690	193.996397667	0.82
NM_199631	2191	984	116.353118657	0.83
NM_001007180	1076	1021	237.749973105	0.89
NM_200056	904	894	312.491495272	0.89
NM_201315	2419	2177	261.310633649	0.88
NM_001044779	1182	1038	410.119670009	0.85
NM_001002333	1558	1280	115.545958505	0.8
NM_001109741	1428	1340	283.296021379	0.92
NM_212671	1372	1300	328.376981999	0.87
NM_001020486	1015	900	103.410885914	0.87
NM_213113	524	508	254.904750288	0.9
NM_199925	1383	1368	308.148767835	0.87
NM_130995	2082	1715	329.265489408	0.8
NM_207071	1695	1044	118.172888736	0.89
NM_213428	1125	956	200.816908602	0.86
NM_201326	3052	2388	144.348874358	0.78
NM_001007183	2470	1063	100.772659722	0.79
NM_212766	2522	1263	154.685749574	0.88
NM_213461	2196	1116	100.955254921	0.81
NM_201308	3289	1222	101.450034553	0.82
NM_213028	696	692	641.617927349	0.91
NM_001002521	960	837	147.367767038	0.84
NM_001024073	1943	1237	149.672078459	0.8
NM_199688	1362	945	129.760300798	0.85
NM_212782	2794	1530	119.325195965	0.83
NM_212726	1694	1057	114.822972985	0.83
NM_201305	3465	2228	154.129944107	0.8
NM_213642	1927	1128	136.981326894	0.86
NM_001007450	2019	1290	150.778413512	0.8
NM_205537	1272	744	113.580055288	0.85
NM_213663	1657	797	106.594603165	0.83
NM_001039985	1602	569	181.292460118	0.95
NM_174860	1709	992	100.638054447	0.83
NM_001309383	1906	1646	140.744961889	0.89
NM_131573	742	713	284.668330495	0.9
NM_001077544	2495	1151	106.314694038	0.81
NM_001326532	2345	1109	114.935758377	0.85
NM_200386	1221	1072	194.45761715	0.85
NM_199943	2649	1201	115.610367821	0.8
NM_001013474	1318	1036	119.255820865	0.87
NM_001002484	1091	891	127.307033489	0.81
NM_200507	1775	1563	176.811373736	0.85
NM_182866	2633	1781	266.188933096	0.83
NM_001007153	1209	1191	170.324595995	0.91
NM_213124	1505	1372	300.06859369	0.81
NM_200732	483	483	977.429285502	0.95
NM_200030	265	249	404.838151607	0.95
NM_001201442	683	606	484.015049066	0.91
NM_001002525	1577	1451	186.893192631	0.77
NM_001100406	1393	1371	228.787336839	0.87
NM_213481	2542	1573	104.153726941	0.83
NM_001015060	2812	1565	134.370797749	0.77
NM_131069	2357	1439	174.727813202	0.86
NM_131696	1734	1653	221.448878309	0.9
NM_200458	2810	2806	1011.99257175	0.91
NM_001289907	2400	1394	118.65446462	0.82
NM_001002677	1296	1183	329.937484981	0.81
NM_001142954	1763	1135	125.186860018	0.8
NM_001003544	1244	997	104.286337154	0.79
NM_201297	1684	1396	149.267035571	0.87
NM_001201360	2281	1297	105.16651181	0.84
NM_173234	483	470	565.819355183	0.91
NM_001105695	881	863	242.664272843	0.88
NM_001080054	2651	1698	148.787364852	0.85
NM_001017797	1307	1248	499.668582089	0.82
NM_001115114	1300	1287	491.61809889	0.9
NM_001159825	533	439	135.838474735	0.8
NM_001080196	2669	1473	140.008671095	0.84
NM_130926	621	621	1935.02562178	0.97
NM_001007159	2793	1792	129.372609263	0.82
NM_001166268	1318	1036	144.485750068	0.78
NM_200771	1335	1256	386.919375466	0.88
NM_001017769	1380	1269	308.528888659	0.9
NM_213439	1234	1233	1751.3858963	0.93
NM_214793	694	685	380.80320261	0.92
NM_152973	2095	1986	167.857330986	0.88
NM_212630	2077	1317	207.171087981	0.83
NM_001098480	441	426	155.096666143	0.84
NM_001044993	2166	1474	123.612990505	0.85
NM_213092	1589	1571	672.950677221	0.88
NM_200403	1359	890	117.278473889	0.82
NM_001025503	1688	1236	197.223043719	0.88
NM_001100436	441	436	489.580658456	0.91
NM_212675	1290	1272	230.239273851	0.9
NM_213077	5079	2304	128.913395472	0.78
NM_198140	1041	1039	1157.22496791	0.93
NM_001007766	2462	1706	137.240247767	0.79
NM_131252	2569	1682	160.295953791	0.76
NM_200171	1702	1664	435.290086478	0.92
NM_199602	1906	1052	143.196677383	0.86
NM_001351798	728	431	107.400502782	0.86
NM_001199436	4653	3821	132.006630163	0.8
NM_001020758	1123	820	108.956748938	0.88
NM_001004652	514	480	390.523430793	0.89
NM_199516	2304	1997	156.301106526	0.8
NM_199862	2181	1136	102.126691431	0.88
NM_001244839	1213	1002	103.460578851	0.85
NM_212891	1624	1409	119.301031184	0.85
NM_199976	956	883	178.03680233	0.88
NM_001024735	1269	1252	219.547040537	0.83
NM_001002697	1052	852	108.598727636	0.84
NM_213062	4111	2036	106.738933216	0.81
NM_001009990	1994	743	102.189678077	0.85
NM_001003424	548	508	136.811555357	0.9
NM_131572	903	707	132.585894513	0.82
NM_131263	1753	1750	1590.83169574	0.9
NM_131310	2699	2659	664.66342087	0.9
NM_001003868	590	551	187.991152304	0.79
NM_001005589	851	836	238.680463646	0.9
NM_001305577	673	610	104.468861866	0.86
NM_131309	1418	1072	404.945189222	0.91
NM_212993	966	944	210.186417014	0.89
NM_001002557	975	727	135.516494581	0.88
NM_001006019	1571	1458	154.912779429	0.87
NM_198978	2090	1507	126.048958631	0.88
NM_001081629	3711	1540	120.762282701	0.82
NR_132113	1666	912	203.444938341	0.85
NM_001002164	1610	1246	131.107753509	0.8
NM_001256194	1220	1024	150.566972624	0.85
NM_001007317	1461	1011	102.205255461	0.86
NM_001202510	960	410	209.803884537	0.9
NM_001080184	1867	1260	184.437511652	0.85
NM_199719	1526	1468	282.51930947	0.86
NM_213148	1200	1133	209.994516685	0.84
NM_001077250	1996	944	133.020919708	0.84
NM_001172554	1718	1356	107.121364614	0.84
NM_001007060	2420	1442	120.707114322	0.8
NM_001004674	895	872	276.647793487	0.88
NM_001002512	1212	884	108.191334017	0.81
NM_194398	1339	1299	205.218466556	0.85
NM_001128336	1845	1839	687.434674316	0.87
NM_194394	1014	859	139.420527749	0.85
NM_001017766	1563	986	101.64115287	0.84
NM_213151	1397	1108	114.415258719	0.83
NM_201584	658	658	1581.26752275	0.93
NM_001327754	2519	1700	164.593746713	0.87
NM_173224	998	983	524.84948078	0.87
NM_001002874	891	808	155.494585445	0.88
NM_001003548	978	931	211.803132927	0.87
NM_001160291	769	614	104.782545081	0.86
NM_001089427	2563	2399	216.049218631	0.85
NM_213279	889	886	433.300643416	0.95
NM_131620	1430	1401	165.494930963	0.88
NM_001017792	1005	877	124.640364465	0.88
NM_212657	2706	2055	179.870585309	0.82
NM_001082837	2181	1526	131.423021894	0.8
NM_001031676	2397	2381	497.162767525	0.9
NM_203321	3203	1743	103.116351686	0.8
NM_001003843	777	751	244.738892155	0.91
NM_173252	721	540	126.755835989	0.85
NM_001024409	1233	1221	1405.27743726	0.93
NM_001017699	777	435	100.872006028	0.75
NM_213236	1566	1341	294.16496408	0.81
NM_213178	1954	1612	295.314469389	0.83
NM_001256780	2608	2549	752.321323212	0.9
NM_201318	1400	1397	505.076116522	0.9
NM_001007375	881	822	309.136467277	0.78
NM_001007158	961	864	118.552490546	0.86
NM_201500	2311	1559	158.310515805	0.83
NM_200713	813	807	397.794734967	0.92
NM_200517	1375	1164	141.767309815	0.87
NM_001089371	1328	801	118.228221016	0.79
NM_001044315	1955	1440	108.831894673	0.84
NM_214714	2273	2263	318.140661752	0.76
NM_213462	1939	1367	101.734496479	0.85
NM_214783	1935	993	118.675814712	0.79
NM_001002137	991	844	121.967922586	0.81
NM_001017993	2144	1313	113.151396275	0.83
NM_001017633	1921	1723	205.53240721	0.81
NM_130939	1435	1432	1048.19935944	0.86
NM_001017637	1944	1447	118.967711511	0.8
NM_001002427	555	433	127.823864906	0.82
NM_212764	1590	1167	137.279241329	0.86
NM_001313770	853	808	1037.82411623	0.9
NM_131057	2859	1253	120.287341813	0.84
NM_131187	1662	1138	116.65218814	0.85
NM_200765	520	498	356.210804575	0.87
NM_200066	1645	1168	162.995112168	0.8
NM_001110371	2492	1301	129.301254026	0.8
NM_001004665	755	517	123.655117604	0.84
NM_001002478	640	410	142.296501174	0.84
NM_213014	1822	1652	149.477155424	0.82
NM_152951	2332	1647	127.388730216	0.79
NM_213080	2202	2123	403.851231505	0.81
NM_131670	1758	1468	204.273604412	0.83
NM_001005927	3621	1502	116.798937977	0.81
NM_001160409	1279	969	102.936130323	0.86
NM_001044320	3758	1354	111.224764098	0.84
NM_131112	2386	2238	337.688087218	0.83
NM_130948	1240	1231	652.849943174	0.88
NM_214721	859	652	168.643785161	0.85
NM_199772	1594	733	104.688257963	0.76
NM_200258	2133	1165	106.339705154	0.8
NM_001007186	1224	658	127.732991533	0.85
NM_001113596	1641	1501	160.837332064	0.84
NM_131031	1672	1639	296.67707865	0.9
NM_199864	1251	859	108.331925865	0.81
NM_130925	1985	1912	431.451721205	0.86
NM_001002540	1536	982	117.821215615	0.85
NM_001003944	909	709	108.861110184	0.82
NM_199640	2424	2027	160.418099894	0.78
NM_200182	2697	2254	242.533716568	0.87
NM_001080034	1078	814	141.149313435	0.86
NM_200937	2116	878	102.559163264	0.85
NM_152972	2976	1615	163.377284208	0.84
NM_200221	1906	1601	155.364058414	0.78
NM_001017858	1127	1019	142.379664045	0.87
NM_001002335	1771	1755	234.213635606	0.85
NM_001029972	1536	1192	141.236399717	0.87
NM_199540	2833	865	123.538647706	0.84
NM_199809	1701	845	109.278162383	0.83
NM_199998	1073	803	107.313250188	0.81
NM_001077804	1835	1790	950.265987812	0.85
NM_001115140	2557	919	114.998910105	0.84
NM_001025453	1464	807	206.520602486	0.89
NM_180965	852	844	2101.9844384	0.89
NM_001020774	3642	1405	106.350660664	0.84
NM_213045	1311	1121	172.670414928	0.86
NM_200972	1057	735	128.145627169	0.92
NM_001160373	695	634	178.500012134	0.89
NM_001030187	978	841	135.501461551	0.85
NM_001077603	3283	1584	149.759142664	0.83
NM_001003836	2447	1478	101.551636735	0.86
NM_001076556	1931	1538	150.463353377	0.84
NM_001123007	734	722	264.992070017	0.93
NM_198870	2196	1836	189.248107523	0.8
NM_131686	3477	1794	175.005441402	0.87
NM_001040043	498	493	990.766630619	0.92
NM_200809	1096	61	633.016892984	1.0
NM_153669	2212	2067	243.431290297	0.84
NM_200025	417	405	339.344512522	0.92
NM_199932	2022	979	137.597783928	0.81
NM_212735	2658	1312	144.812256739	0.8
NM_199934	980	605	121.26157171	0.91
NM_001004601	3178	1712	144.021347948	0.8
NM_198805	3777	2064	131.456822187	0.76
NM_001017400	1168	1076	178.11893604	0.89
NM_001002606	1391	908	143.666852785	0.82
NM_001009889	2617	2152	293.374976181	0.9
NM_213493	1980	1969	301.595520567	0.88
NM_199686	3328	1650	114.250104366	0.82
NM_001312882	1918	1208	138.276177586	0.74
NM_173233	520	486	328.492492129	0.91
NM_001098757	1759	445	102.981028225	0.76
NM_001017801	916	886	204.139611184	0.9
NM_200137	1677	1119	126.519899886	0.8
NM_212699	1350	1104	122.278220472	0.85
NM_131801	2124	1321	115.654204173	0.84
NM_001013536	1099	967	270.821434857	0.82
NM_001007367	1852	1030	111.208884296	0.82
NM_001328507	1428	1297	182.6833615	0.87
NM_200125	1594	1337	177.9572256	0.86
NM_198911	2905	1182	112.994537807	0.82
NM_201050	1959	1881	210.470897157	0.86
NM_001200015	1903	1486	148.557637888	0.83
NM_213107	1258	1251	345.870036233	0.93
NM_001002160	1522	1338	115.629129036	0.79
NM_001003840	1070	749	109.689351257	0.79
NM_213639	1142	916	266.062896373	0.86
NM_201056	713	590	111.757825108	0.87
NR_138548	701	627	164.930869075	0.88
NM_201290	1901	1674	119.409486822	0.86
NM_001098392	1870	1820	521.592139723	0.85
NM_001030239	2705	1973	127.65853335	0.78
NM_001037386	2280	1518	134.315912923	0.69
NM_201065	1326	1123	114.357935316	0.84
NM_001020531	880	550	139.546626553	0.85
NM_001002082	950	906	264.679720952	0.88
NM_199953	1856	1391	145.994537326	0.84
NM_001001889	2350	925	139.079621758	0.86
NM_001024439	820	777	160.72869472	0.85
NM_001020523	1307	1084	156.578166265	0.84
NM_173241	2359	1775	161.39713581	0.84
NM_212697	1759	782	142.30819908	0.92
NM_199727	2361	508	428.890095865	0.99
NM_001105588	2100	1522	134.853498032	0.84
NM_001002698	998	797	124.3807063	0.75
NM_001288657	839	748	153.25917611	0.86
NM_001045848	1378	1233	193.071977141	0.88
NM_001002339	1274	969	100.866316771	0.85
NM_001037691	926	735	170.160044286	0.87
NM_001309525	2542	801	119.712684327	0.83
NM_201481	2606	2205	134.933686489	0.86
NM_001013469	1184	884	136.078175106	0.83
NM_001002445	1027	803	116.671515346	0.87
NM_199576	2107	1192	157.768928207	0.83
NM_001320404	2510	2260	175.831383049	0.88
NM_001110414	1505	1450	352.221375489	0.86
NM_001033754	1099	974	123.472286517	0.88
NM_001077759	1821	1414	170.739008244	0.83
NM_001327928	826	763	1181.08404343	0.92
NM_131444	1040	1036	1050.28507715	0.93
NM_200823	5471	2567	100.856321276	0.86
NM_201287	2030	1854	175.441991501	0.84
NM_001309644	1435	1368	418.802956531	0.83
NM_212985	1619	1163	121.726626073	0.81
NM_001040375	927	916	471.344860916	0.85
NM_200696	785	399	144.04431033	0.81
NM_201192	2166	2075	302.807766687	0.87
NM_212723	3491	3321	227.093971686	0.83
NM_200295	1397	1257	226.624369749	0.85
NM_001145359	1212	1136	156.57612253	0.86
NM_199760	653	399	126.840363455	0.79
NM_197937	499	473	497.558196162	0.93
NM_213257	2641	2556	296.625091163	0.86
NM_001282033	1209	742	100.114484616	0.83
NM_001113800	1290	670	116.962772024	0.84
NM_213139	1529	1205	142.021496793	0.89
NM_213366	2072	1198	107.273348636	0.84
NM_001003429	771	675	167.563885916	0.88
NM_213722	1391	1378	292.36018818	0.9
NM_212595	2011	1789	168.367135917	0.84
NM_153659	2575	2170	176.584749518	0.81
NM_001030247	2625	2224	375.999697997	0.87
NM_199825	965	693	174.966273149	0.85
NM_001003418	747	665	189.730355405	0.89
NM_001128693	2431	1797	180.738467818	0.78
NM_213204	482	471	914.908384476	0.88
NM_201078	1493	1143	167.035084004	0.9
NM_183069	1801	1376	125.096205868	0.82
NM_001271817	931	852	214.516646141	0.8
NM_001082481	3774	1830	124.31800222	0.85
NM_213036	1087	854	102.033813491	0.83
NM_212566	1185	1140	245.472404282	0.89
NM_199575	2146	1517	227.891139007	0.84
NM_213530	1628	732	122.873200629	0.79
NM_198811	2870	2014	118.20029892	0.86
NM_200750	463	461	387.977067416	0.91
NM_001302478	479	458	328.351501968	0.85
NM_200313	4358	69	208.673176662	0.99
NM_200103	2231	1902	149.782066904	0.79
NM_200037	961	796	117.271287929	0.85
NM_201492	2157	1575	175.493258572	0.81
NM_200090	2770	1754	105.423116294	0.83
NM_001002448	1520	1497	255.083992765	0.88
NM_200086	1012	1012	845.617659576	0.86
NM_001123279	1871	1138	129.999348868	0.81
NM_194264	1218	1181	338.229298694	0.84
NM_200047	832	824	480.043824073	0.92
NM_001110386	542	458	133.551412155	0.9
NM_001126457	1515	1441	163.406089843	0.87
NM_205541	1833	1255	120.586185364	0.79
NM_200174	1696	1063	105.095801628	0.82
NM_001080033	1298	929	140.302748387	0.87
NM_001114722	1416	1061	154.868617362	0.89
NM_200923	3751	1978	104.909416094	0.81
NM_201303	3213	1460	134.462484647	0.75
NM_214782	2049	1567	117.635619843	0.83
NM_001003432	636	629	795.209083711	0.9
NM_131760	1239	632	120.500611696	0.78
NM_001002068	805	801	431.883268796	0.87
NM_213466	1532	1265	292.23166259	0.82
NM_178436	2616	2115	119.609495143	0.84
NM_001083573	1082	695	120.343469483	0.85
NM_001160365	638	537	166.897969755	0.86
NM_199677	2030	802	106.54513774	0.74
NM_131191	1016	877	111.431537001	0.84
NM_001044983	507	326	124.633234357	0.84
NM_001037393	1370	1010	129.74683306	0.85
NM_001003414	1644	1537	137.425133284	0.85
NM_001037222	1931	1177	152.925886005	0.87
NM_200919	1303	1245	182.314384699	0.87
NM_001002079	503	495	412.444812764	0.92
NM_199569	1523	1422	183.748720603	0.86
NM_001017902	1348	796	104.139509307	0.83
NM_001008603	1538	711	102.232442071	0.84
NM_212731	1287	1258	202.341174838	0.85
NM_213208	687	676	415.237448644	0.91
NM_213015	1944	1090	364.385454555	0.86
NM_199430	1480	1478	1003.56805976	0.8
NM_207063	1357	991	128.58204405	0.82
NM_201141	184	155	136.210565724	0.89
NM_213382	1769	1568	270.411952913	0.82
NM_001013450	2250	1220	104.279543927	0.84
NM_001003863	2277	995	107.994970773	0.85
NM_001002703	931	781	171.285385519	0.86
NM_001256205	3476	1132	105.166051895	0.85
NM_001328091	2932	1386	102.179785624	0.83
NM_199708	2037	1853	374.57114402	0.84
NM_213235	2369	1296	142.094010349	0.77
NM_205576	956	704	130.532526582	0.78
NM_213504	2503	2147	123.572881315	0.85
NM_213072	1521	789	156.176837082	0.82
NM_131833	1490	1026	148.91956038	0.64
NM_152953	2185	1885	168.1851291	0.88
NM_001017651	1317	1057	124.290391061	0.82
NM_212653	2511	1049	140.398564217	0.86
NM_201214	1758	1635	164.365063492	0.85
NM_198363	2192	1087	103.095029488	0.83
NM_213168	2419	1430	120.390726003	0.82
NM_212605	1994	1176	155.918081259	0.82
NM_001045552	2190	1678	116.556156644	0.82
NM_131580	1081	1059	436.019540956	0.88
NM_001077322	723	715	284.872448957	0.87
NM_199989	1646	1180	113.863312301	0.86
NM_001160362	665	636	193.329685693	0.9
NM_205613	901	888	504.069595378	0.89
NM_001003509	1586	1138	104.032412789	0.86
NM_001126418	1030	843	121.34363203	0.83
NM_001243037	635	615	326.283473951	0.93
NM_199724	483	457	227.389606471	0.9
NM_001007168	1086	943	169.455518966	0.85
NM_199565	1546	833	107.007644261	0.85
NM_001002139	610	604	848.115783276	0.92
NM_001079974	2913	1403	126.836988733	0.87
NM_194377	1599	1491	176.029636731	0.85
NM_131355	3115	3028	242.149312366	0.79
NM_131230	1880	1852	205.714970361	0.89
NM_131722	2285	1677	143.054627484	0.83
NM_199983	2598	2575	329.801096959	0.83
NM_001013443	4163	2600	179.613683819	0.83
NM_200046	629	458	468.564641044	0.91
NM_001003731	915	842	219.822317367	0.88
NM_001076629	1060	1035	227.387660317	0.81
NM_212586	3074	1635	134.943002972	0.73
NM_001082798	1346	1042	127.362809197	0.87
NM_212802	2687	1268	107.912060156	0.82
NM_200736	1253	1159	215.395885716	0.9
NM_001014289	3974	3210	204.263206178	0.86
NM_200813	1767	1164	118.474039803	0.83
NM_001130697	679	279	1019.842711	0.99
NM_183071	1312	1125	1560.33042708	0.9
NM_199995	361	328	139.000141228	0.91
NM_001006043	1386	781	108.648324017	0.82
NM_213051	2747	1632	108.718013106	0.86
NM_173258	1894	1463	202.100736676	0.82
NM_173222	1437	1434	483.145682805	0.91
NM_214718	2014	1845	146.369367982	0.88
NM_213002	1422	1165	222.130665526	0.87
NM_212990	1305	1252	218.885099621	0.88
NM_001082919	1494	1201	107.958755509	0.87
NM_001256729	1792	811	151.705371141	0.89
NM_001289906	2416	1401	118.777712348	0.82
NM_173835	1772	648	112.653087007	0.79
NM_199535	768	757	701.990782911	0.89
NM_213535	1851	1512	147.790360602	0.8
NM_200026	515	512	1039.39325195	0.94
NM_200660	1242	683	111.905771771	0.83
NM_001328342	1608	954	169.070162874	0.79
NM_001080751	1766	1234	114.954669984	0.8
NM_200621	3430	2375	202.001615853	0.8
NM_200742	412	384	123.047076954	0.87
NM_199746	2436	1704	156.382677597	0.84
NM_200720	900	835	275.1906831	0.88
NM_199716	1410	1028	129.245004998	0.8
NM_201474	5109	3869	158.05311267	0.84
NM_131442	1356	740	102.414889311	0.85
NM_200949	1869	1833	353.903900627	0.85
NM_199694	1483	840	136.26086851	0.83
NM_001002104	1581	1464	153.956325403	0.85
NM_201454	2292	1579	119.137555967	0.81
NM_201088	2471	2214	166.19272217	0.86
NM_200975	1284	1063	184.930114178	0.88
NM_001111162	2367	1014	102.128189428	0.8
NM_001042769	1471	1216	138.658194175	0.82
NM_199333	2387	2022	136.235456439	0.83
NM_001017874	1045	856	216.258946244	0.88
NM_001009898	878	825	215.335131372	0.85
NM_001017851	1753	1120	109.577171287	0.77
NM_198121	1234	1199	755.712900825	0.9
NM_201005	1653	1176	149.430165099	0.85
NM_213060	2913	1699	115.31068202	0.82
NM_001045235	3834	45	258.256066209	0.98
NM_001111207	2027	1295	124.854202899	0.84
NM_001004641	1029	1011	218.893415892	0.87
NM_212660	4024	2011	112.150651222	0.78
NM_001114406	2982	2451	129.878563855	0.86
NM_001002495	436	367	146.56012837	0.87
NM_001083544	548	511	207.546208835	0.88
NM_201336	2817	2760	516.198757825	0.81
NM_213331	1267	1221	170.466460351	0.86
NM_001002684	2073	1524	123.217541506	0.84
NM_001077378	2168	1643	155.659429219	0.81
NM_199669	1459	1071	179.222505636	0.82
NM_198070	2674	2502	241.512164142	0.88
NM_001080176	1395	1382	393.198461706	0.86
NM_199574	1813	907	168.695113582	0.87
NM_001013265	1080	1050	188.803203206	0.85
NM_213216	1731	767	110.121184451	0.89
NM_001109706	1257	742	108.406639146	0.81
NM_200701	1301	1031	159.320106645	0.86
NM_199761	1288	1239	284.154099335	0.85
NM_001039497	1208	837	113.120183223	0.82
NM_001034970	1734	1343	232.49094127	0.82
NM_001079703	1422	1322	148.331466452	0.84
NM_001003648	2563	1127	103.657820153	0.78
NM_001290080	3280	2784	259.746468661	0.88
NM_001003869	1684	1659	462.337712065	0.9
NM_001077535	2030	2021	253.057272744	0.86
NM_200298	785	763	1089.89165931	0.89
NM_001004296	3558	2482	132.934746101	0.91
NM_214701	708	633	127.464149313	0.84
NM_201343	1686	1630	159.954679937	0.84
NM_201052	1066	1058	286.488147571	0.93
NM_001024400	608	575	130.618159261	0.82
NM_001002069	344	335	539.659483816	0.94
NM_001002203	755	734	189.051500109	0.84
NM_001076558	976	789	179.329696583	0.87
NM_197934	2550	1827	144.472736665	0.83
NM_200291	1360	1243	154.134766017	0.88
NM_001114710	1397	664	101.159452711	0.83
NM_212708	2973	2831	481.405324342	0.85
NM_001005978	1296	1214	147.295219133	0.85
NM_213377	570	565	872.632552317	0.93
NM_207074	505	458	131.691860858	0.88
NM_199697	1568	1072	120.354903073	0.79
NM_001003888	644	571	144.482281067	0.86
NM_001089386	918	740	125.765389196	0.82
NM_213034	513	348	529.715075301	0.96
NM_001130192	3149	3115	467.816877103	0.84
NM_001045485	2328	1503	119.89085724	0.83
NM_001099995	552	366	104.318200537	0.88
NM_198809	1593	1566	695.141684651	0.93
NM_173235	635	530	473.312217163	0.9
NM_001013459	1299	1143	146.683638281	0.86
NM_001007456	1865	1074	247.080961398	0.92
NM_199740	1953	1652	149.695140232	0.85
NM_214817	1907	1661	150.173627543	0.83
NM_131664	2006	1275	105.211862494	0.8
NM_001004494	2262	1838	197.596424774	0.81
NM_001013345	888	759	204.651558982	0.87
NM_198804	1162	996	134.029328896	0.81
NM_214811	2239	1036	148.802813334	0.83
NM_001003890	2344	2327	599.747545806	0.89
NM_200839	1497	1482	243.605190101	0.9
NM_001002067	764	462	108.926022126	0.78
NM_001002572	1107	844	184.51951792	0.87
NM_001005938	892	792	135.160106276	0.87
NM_131508	1016	969	171.417570373	0.88
NM_001025530	1320	662	100.087978582	0.86
NM_200416	1414	1329	232.778791644	0.85
NM_001199367	1107	1079	308.009585976	0.88
NM_001044395	1041	950	229.016869459	0.86
NM_200911	1640	1499	160.334229238	0.87
NM_173263	1471	1446	377.843040273	0.85
NM_001302742	394	373	247.630696057	0.86
NM_212757	1834	1396	162.001003454	0.83
NM_001128676	1476	814	128.954980575	0.9
NM_001002317	629	525	124.986456902	0.82
NM_001006057	1041	820	104.453722178	0.82
NM_001114887	870	713	155.502529973	0.86
NM_001003998	867	677	122.47476863	0.84
NM_213053	2688	2096	193.166981631	0.73
NM_001105526	393	383	441.429056027	0.95
NM_001079912	2214	1151	106.258567058	0.75
NM_001001724	1252	1025	148.217746057	0.85
NM_131351	1260	1087	203.634749587	0.79
NM_001080695	1195	943	127.940139995	0.87
NM_001017899	1282	643	121.422059586	0.85
NM_001025472	2588	1312	111.936201897	0.8
NM_201153	832	816	275.41361881	0.93
NM_200096	1729	1672	288.753874524	0.83
NM_131189	4935	3812	298.202590445	0.84
NM_001305546	3508	1723	118.86551071	0.84
NM_001033108	1865	1481	187.56397273	0.79
NM_131702	2559	2222	407.80606426	0.84
NM_201217	2259	2012	155.779065168	0.89
NM_001037677	453	433	169.958884007	0.9
NM_001080041	2858	1835	150.305872794	0.73
NM_001044950	994	613	105.082691237	0.81
NM_001002505	686	438	130.25115539	0.84
NM_001327845	953	895	378.360740544	0.86
NM_001127333	2139	1364	211.323888545	0.83
NM_200974	1246	697	138.870035299	0.88
NM_200023	654	631	315.368479579	0.87
NM_200041	1150	824	107.060336456	0.89
NM_001002121	2041	1933	194.325180641	0.84
NM_212762	435	418	233.005061457	0.9
NM_001045349	1628	1536	173.430894633	0.89
NM_201459	3038	1367	104.064738344	0.83
NM_131250	2498	1610	140.345064739	0.85
NM_201482	2117	1463	122.456319402	0.85
NM_213067	2302	1351	133.497655571	0.82
NM_001007347	1727	1201	104.633992296	0.82
NM_201010	1360	1191	145.38892845	0.85
NM_199636	728	712	333.758255493	0.9
NM_213417	619	582	371.355518261	0.87
NM_201060	620	614	540.346396902	0.92
NM_205722	1431	828	103.230854911	0.86
NM_001013552	1015	611	121.833949853	0.82
NM_213109	1610	1008	130.574843414	0.88
NM_213440	2146	1310	130.311299152	0.73
NM_001007372	974	953	192.993490951	0.87
NM_001007364	1096	1061	218.467004948	0.87
NM_001002487	411	396	238.247008032	0.9
NM_001003532	1764	1287	128.851960748	0.8
NM_198877	1044	1002	207.298343415	0.87
NM_001302634	1322	741	175.934002348	0.84
NM_001351701	2205	1689	279.796558458	0.8
NM_001005949	954	707	117.392816021	0.87
NM_131450	2067	1863	385.901507113	0.67
NM_001030076	1433	949	121.939138839	0.8
NM_001256713	547	381	105.713044205	0.89
NM_001013533	2369	2356	915.800779433	0.79
NM_201084	2789	2254	147.250232103	0.86
NM_001033741	841	646	104.973125481	0.78
NM_173237	1733	1617	153.807031246	0.87
NM_213338	1428	1299	128.770617923	0.86
NM_001256190	1048	954	330.179197897	0.83
NM_001040299	1434	1319	145.680587207	0.86
NM_200752	630	626	542.384945294	0.92
NM_200917	1752	1073	105.722907153	0.81
NM_001001589	1654	1243	125.472509761	0.87
NM_001077330	778	681	107.913699507	0.84
NM_213070	1739	1706	304.309075333	0.88
NM_001001944	4039	2531	172.499397342	0.82
NM_001037110	852	697	116.967999475	0.88
NM_131874	1663	1609	279.630512206	0.89
NM_001025460	2415	2153	264.797324248	0.78
NM_001037113	490	456	111.06388105	0.9
NM_001017696	1057	859	126.237522965	0.87
NM_200008	762	750	424.671402436	0.88
NM_001002546	1137	1114	171.974057544	0.87
NM_200059	1469	870	314.803448073	0.91
NM_001017863	937	873	135.831453604	0.85
NM_213188	2624	2584	298.992624329	0.84
NM_001161599	1896	1802	195.742472994	0.88
NM_201122	430	399	260.452202988	0.87
NM_001044754	1503	1388	271.458503758	0.89
NM_199670	2073	1280	108.943735989	0.86
NM_173247	1264	1264	1277.43350484	0.93
NM_200921	1692	1312	129.869074577	0.88
NM_001118895	1758	1455	120.456226974	0.83
NM_213013	986	973	444.625143718	0.86
NR_145818	2099	1859	2992.99959265	0.88
NM_201194	2282	956	109.663843132	0.79
NM_001014343	2029	1175	161.061693604	0.8
NM_001017574	1635	1627	543.700155259	0.87
NM_001017883	1238	747	105.143305083	0.87
NM_213099	2644	2022	157.901486469	0.79
NM_001109829	674	523	118.596427169	0.93
NM_131493	1109	853	153.424232894	0.78
NM_001006105	1484	1227	153.924834573	0.87
NM_214707	2486	1471	123.872964528	0.82
NM_213016	3014	1671	123.324546475	0.84
NM_001128529	3977	1447	102.555718801	0.82
NM_131761	833	661	330.485684402	0.89
NM_199996	1431	1111	202.689359423	0.85
NM_213510	2570	1136	401.259371334	0.84
NM_001020624	1047	694	126.064521016	0.84
NM_001171068	2666	2274	127.982653826	0.84
NM_212818	1632	1618	1296.95418836	0.83
NM_181330	2728	2211	163.478992311	0.87
NM_213335	1416	1298	147.855422902	0.88
NM_001002081	568	548	299.235459342	0.79
NM_001076652	2835	2785	442.215426667	0.9
NM_194397	1204	711	129.678239785	0.88
NM_001135972	905	396	100.534900002	0.88
NM_199823	1848	1804	133.837859991	0.84
NM_001281985	1215	735	104.735062639	0.84
NM_001003728	818	768	167.327691181	0.88
NM_130941	4366	4040	265.293295184	0.87
NM_131585	1058	1056	1225.25554461	0.85
NM_001044332	2091	1522	147.117291908	0.82
NM_213446	2005	1426	119.965636015	0.83
NM_199741	998	933	149.145123691	0.88
NM_001045362_2	700	485	106.744026301	0.78
NM_001003860	687	526	145.507958192	0.82
NM_205590	943	822	128.149740752	0.82
NM_001007361	1550	916	133.62128246	0.81
NM_001002222	5860	2827	105.181360798	0.8
NM_213351	1541	1452	180.925156959	0.82
NM_001320425	2084	1645	155.339503146	0.85
NM_001328586	881	835	207.670754626	0.9
NR_015622	439	420	252.011907262	0.88
NM_001034978	2408	1170	105.000118403	0.75
NM_001002527	968	681	539.278317913	0.88
NM_001018165	3163	1788	112.197168887	0.84
NM_001089339	2002	1569	134.452027572	0.78
NM_200766	1140	1108	294.532030344	0.9
NM_201046	1776	1382	121.098506391	0.88
NM_001103194	1392	1004	236.444914875	0.91
NM_213385	1514	1250	117.662043052	0.83
NM_001126455	927	847	240.558337247	0.91
NM_001083564	2675	1089	100.338230151	0.84
NM_001024429	1877	1740	299.513770984	0.88
NM_001351700	2305	1793	297.712050282	0.77
NM_001044902	1913	1122	154.190089707	0.88
NM_200261	2924	1550	103.25086286	0.83
NM_199725	632	319	103.110663247	0.76
NM_001017896	893	860	223.564233067	0.75
NM_001003503	1289	1221	153.171571375	0.88
NM_131775	1163	837	117.185331567	0.84
NM_001309267	2448	2191	250.200651115	0.84
NM_201993	2669	1621	108.334094378	0.85
NM_199481	1939	1919	537.24334349	0.84
NM_201316	2183	1546	108.44520661	0.85
NM_001102634	544	265	321.833113372	0.93
NM_201331	1547	1401	219.344355181	0.88
NM_200257	3057	1243	100.138431515	0.82
NM_001089347	2094	1797	145.613214529	0.84
NM_200486	2020	1584	120.419609261	0.85
NM_205668	1493	858	121.869222732	0.86
NM_200303	785	785	926.929839967	0.86
NM_001020749	1069	926	158.670114538	0.87
NM_200958	1832	1333	133.566803636	0.85
NM_181757	1865	1355	136.315504167	0.82
NM_197933	1962	1345	128.816254696	0.86
NM_001113591	2287	927	137.659266074	0.85
NM_001077390	2944	43	117.417699757	0.99
NM_200029	495	485	288.586854481	0.91
NM_001040321	1659	896	204.644532125	0.85
NM_001012366	2584	1358	139.984804402	0.79
NM_199956	2049	2019	381.292868213	0.85
NM_001044809	4571	2543	125.268656322	0.77
NM_199564	1259	1069	135.278782855	0.86
NM_001044959	1736	1713	590.598868705	0.92
NM_213180	1506	1496	1167.33203389	0.93
NM_200502	613	610	521.386768217	0.93
NM_181559	1968	898	117.803518317	0.8
NM_200745	852	589	140.458795826	0.87
NM_200027	727	723	511.791221142	0.92
NM_001045562	1826	1371	131.075366946	0.84
NM_001002355	2291	2185	189.498658281	0.84
NM_201471	2005	1314	120.170592464	0.87
NM_001013300	2429	2408	322.214080363	0.87
NM_001327857	1223	875	107.881973293	0.85
NM_001327744	3460	66	168.118413774	0.99
NM_001244736	1475	949	103.408976463	0.82
NM_001128680	1477	1029	121.113829884	0.79
NM_201099	1899	1125	121.274219538	0.88
NM_001098481	616	490	108.387947959	0.8
NM_001002072	1163	854	140.737492329	0.83
NM_199993	1443	1060	119.027189922	0.83
NM_198143	657	650	360.647548285	0.93
NM_201087	3796	2520	153.465084797	0.87
NM_199275	1743	1598	302.878829913	0.87
NM_001045354	1333	1031	121.948868355	0.83
NM_001017582	728	653	184.399383947	0.88
NM_001013293	886	673	111.587217998	0.84
NM_001100070	893	856	739.275214444	0.9
NM_212932	1336	1329	423.46399858	0.89
NM_212572	1919	1003	143.169230925	0.83
NM_001004003	3275	1729	117.226587271	0.84
NM_199428	1597	1505	349.728285373	0.78
NM_001002604	1704	1336	158.65449782	0.84
NM_001003861	634	629	395.965575902	0.95
NM_001025533	2603	2255	156.099323263	0.86
NM_173249	703	585	165.601223418	0.86
NM_001003434	357	313	309.005924853	0.93
NM_199546	1638	1597	314.921604097	0.88
NM_213250	3048	1338	121.50058612	0.82
NM_001111195	1051	780	113.809390055	0.88
NM_200495	1495	1389	253.11876772	0.79
NM_212828	1860	1149	106.424010143	0.84
NM_131714	3483	1129	108.447634808	0.8
NM_001319650	804	589	239.543288112	0.93
NM_212612	2529	924	121.713573728	0.82
NM_212763	1372	880	118.880430941	0.77
NM_001115095	3041	2935	306.533713777	0.8
NM_199949	1010	786	459.312602837	0.92
NM_201345	1738	1396	119.559810995	0.88
NM_001327745	2576	2347	404.001469879	0.82
NM_001003437	962	846	125.451193179	0.83
NM_200852	722	717	761.697946367	0.95
NM_200265	986	783	105.500613664	0.88
NM_213435	1901	970	103.348501603	0.83
NM_205708	1069	1002	160.468622199	0.88
NM_001110403	2335	2332	1626.91761452	0.9
NM_001004289	2206	737	103.424833859	0.82
NM_199845	1826	861	117.736311855	0.83
NM_001020761	775	615	102.539115054	0.85
NM_001256652	3850	1970	150.470238583	0.83
NM_200185	1558	1348	183.629696615	0.85
NM_200034	781	775	726.880463761	0.89
NM_131883	2454	2191	243.165967172	0.83
NM_001126422	735	634	295.971865627	0.86
NM_001080605	3471	1517	112.921120716	0.82
NM_201101	887	850	678.65573547	0.84
NM_213383	1824	449	113.409216714	0.84
NM_131176	1454	1372	297.154499203	0.81
NM_201480	1497	1436	238.148903499	0.82
NM_200504	1868	889	107.325318499	0.8
NM_212784	763	695	439.576712585	0.86
NM_001003447	678	666	403.241282821	0.94
NM_198913	3017	2291	117.519809426	0.84
NM_001006022	1281	1256	261.351306558	0.88
NM_001003483	1304	886	110.561806183	0.8
NM_001309531	1197	1184	1122.50555949	0.91
NM_001003730	1436	920	105.654377366	0.82
NM_199571	1120	918	146.313304458	0.86
NM_001102392	571	512	102.428551025	0.84
NM_213638	1000	983	388.463588008	0.88
NM_001013517	539	418	158.536303711	0.86
NM_001199737	2076	1791	153.843379905	0.84
NM_001105599	1365	1132	160.227214967	0.77
NM_199757	451	421	119.379921118	0.85
NM_213336	1459	1417	1626.58547736	0.92
NM_199623	2532	1229	118.407432315	0.8
NM_001017829	964	591	109.548505108	0.83
NM_205689	1543	812	104.906121243	0.83
NM_200179	1976	1643	149.984010705	0.85
NM_213334	944	922	244.584876764	0.88
NM_131331	1327	1275	264.694212135	0.9
NM_213185	1250	1226	322.987828859	0.83
NM_201460	2889	2703	233.45614443	0.84
NM_213176	2872	1298	106.474520105	0.81
NM_001079805	1560	820	121.65482408	0.86
NM_001110119	553	492	142.437728912	0.91
NM_001002342	2010	1603	116.950868579	0.87
NM_001025536	2800	2176	151.961162557	0.73
NM_001018166	2664	1442	127.764185849	0.84
NM_201129	2859	1871	138.18857047	0.79
NM_001013460	1182	728	110.913194525	0.87
NM_200304	1822	1641	169.130345011	0.85
NM_199839	2240	2109	266.698531548	0.89
NM_212703	3846	3090	178.801790029	0.85
NM_001013471	1225	944	233.47421407	0.88
NM_001044324	3798	3697	209.600940243	0.75
NM_200446	2044	1989	272.734754438	0.87
NM_001130597	765	598	115.879261619	0.79
NM_001109833	1372	1207	152.588899484	0.86
NM_001080015	3658	1654	132.059467247	0.86
NM_200333	1973	1533	108.870394718	0.8
NM_001105108	1254	1251	857.528213614	0.89
NM_131220	1791	1760	303.831996415	0.87
NM_200860	1037	971	154.04336743	0.89
NM_212597	953	879	233.546209904	0.88
NM_001077355	1851	1840	436.834745743	0.91
NM_200161	1795	966	100.865501095	0.81
NM_212714	2038	1465	134.339020562	0.86
NM_001024440	1132	642	103.386888026	0.81
NM_001040004	2042	1539	154.371823447	0.84
NM_201043	1067	768	185.07350856	0.84
NM_001017593	1279	1232	876.344748278	0.87
NM_213010	1631	1528	202.138465765	0.87
NM_199653	2168	1335	112.140741683	0.8
NM_001258317	1001	813	131.783811496	0.88
NM_198210	2720	2620	204.632246523	0.88
NM_001037424	1074	1041	376.018640449	0.8
NM_213294	1525	1209	153.89183249	0.83
NM_199671	1288	877	257.812356935	0.82
NM_001328559	2598	1146	152.560719131	0.88
NM_001160334	672	600	131.196280567	0.91
NM_200306	1421	44	186.614249566	0.93
NM_001198751	711	438	538.047554338	0.9
NM_199779	2398	2184	204.643450235	0.86
NM_001044341	2036	1275	103.404796717	0.81
NM_205606	955	720	113.949776828	0.86
NM_001006082	1057	792	146.108444831	0.89
NM_199431	3428	1804	100.782876445	0.84
NM_001039883	1368	987	100.747013797	0.86
NM_212977	1620	1518	396.843868717	0.87
NM_200550	1782	523	105.931084808	0.81
NM_001013272	2053	1419	188.002034875	0.91
NM_200099	1417	1249	173.631917711	0.84
NM_213181	1884	1071	111.45158477	0.81
NM_131059	3350	1553	131.458833378	0.84
NM_001017608	1043	814	110.981093568	0.84
NM_213298	1609	1473	179.502674409	0.86
NM_001131053	552	552	650.069045554	0.88
NM_130922	2069	2030	442.517084846	0.82
NM_001025537	2209	1663	144.348607284	0.86
NM_206829	1328	1255	191.894430357	0.89
NM_201475	1685	1571	188.478102769	0.81
NM_001033107	2124	1892	308.119575137	0.89
NM_199549	2669	1495	127.229140898	0.83
NM_200177	1899	1153	122.795873009	0.83
NM_001002596	1471	1455	296.801256112	0.9
NM_213364	2853	2804	549.392281029	0.78
NM_201039	867	781	140.684898864	0.82
NM_131599	1227	954	251.431524994	0.9
NM_213037	926	836	191.303949653	0.88
NM_212584	1391	1360	765.458240401	0.85
NM_001282177	500	486	690.500143715	0.87
NM_201191	379	369	349.165626658	0.91
NM_212952	393	380	295.181819647	0.89
NM_001099257	619	510	113.101312288	0.87
NM_200769	606	438	181.823543015	0.9
NM_001145579	3579	2680	145.028547283	0.8
NM_131452	2133	1256	130.344549523	0.77
NM_205562	1110	1080	344.818528141	0.83
NM_001083577	3079	2246	104.112630421	0.82
NM_201062	1892	1600	173.664200095	0.88
NM_199548	1566	1487	256.527107649	0.88
NM_177479	912	768	177.372564105	0.83
NM_001002050	1276	1058	172.423884529	0.86
NM_001105596	685	652	172.994710515	0.86
NM_001025470	1776	1215	125.619968008	0.86
NM_145195	489	478	479.252011344	0.83
NM_001081747	1861	1271	127.621284543	0.82
NM_131456	3732	1067	109.103896027	0.85
NM_001077343	3359	1651	107.418697059	0.85
NM_212937	1764	1739	353.489568816	0.9
NM_001013273	3625	3006	165.079295141	0.86
NM_200269	776	551	102.983516551	0.78
NM_001002078	399	364	596.418665026	0.91
NM_001079973	1842	1682	407.523249571	0.88
NM_001003551	880	819	181.232821137	0.83
NM_200130	1538	1193	113.656672645	0.83
NM_212790	1357	786	123.072443392	0.81
NM_214768	3311	1309	116.498724203	0.84
NM_199683	1121	646	155.335754054	0.86
NM_001003995	1512	1359	191.667825814	0.84
NM_200114	1681	1249	120.954998459	0.85
NM_173248	2072	2030	227.153883114	0.86
NM_200006	1388	925	132.979356406	0.84
NM_001003746	1939	1577	110.388073304	0.86
NM_001007296	1464	1184	119.561264	0.83
NM_198807	2455	2388	334.309098256	0.87
NM_213131	1415	1262	175.004112511	0.88
NM_001114425	1983	1448	125.427945749	0.81
NM_001077285	1662	1050	114.881947179	0.8
NM_001271474	826	721	330.449671421	0.79
NM_200104	1558	1549	527.903546151	0.72
NM_213019	1049	904	313.928649967	0.9
NM_001007335	1902	1463	153.742411703	0.85
NM_200525	502	482	224.792420491	0.94
NM_001002866	472	466	360.713906785	0.93
NM_001163988	1482	1199	147.275547172	0.85
NM_153667	1199	1076	123.544782982	0.87
NM_001328161	4268	1911	108.946531863	0.92
NM_001044811	947	798	133.047604851	0.87
NM_213644	826	806	236.565326411	0.89
NM_213302	1639	1614	930.462244692	0.82
NM_130994	2885	1681	102.809511601	0.85
NM_199591	1983	1689	155.928682168	0.84
NM_201004	538	421	108.524007164	0.76
NM_201468	1862	1631	264.686880025	0.77
NM_201513	1945	1902	351.134408991	0.9
NM_001045340	1739	616	112.431772337	0.84
NM_001037700	1568	1249	121.059617229	0.83
NM_001002748	1493	1264	240.639228379	0.83
NM_205599	1107	845	143.185725192	0.82
NM_200565	1411	903	105.070393283	0.83
NM_213467	1805	1436	123.290149167	0.86
NM_213093	1800	1642	154.121226606	0.83
NM_199824	2976	1655	116.27401977	0.76
NM_001007309	2103	1068	102.987598833	0.81
NM_173264	860	759	140.560728907	0.89
NM_001017700	639	607	316.719570393	0.78
NM_131294	747	703	394.318663746	0.9
NM_213640	2749	1350	127.64842239	0.78
NM_212953	298	291	670.80630496	0.95
NM_212659	2024	1183	110.276239934	0.8
NM_131820	3292	1368	182.885264006	0.82
NM_194408	2698	1253	103.537974153	0.81
NM_001177453	903	885	187.178097691	0.91
NM_001025471	1825	839	102.672007366	0.82
NM_212635	2442	1493	142.175676228	0.84
NM_200944	1033	1003	171.541265609	0.85
NM_001003452	1457	1229	144.613615491	0.8
NM_001159528	565	547	396.85338186	0.91
NM_200190	1637	848	102.705177454	0.81
NM_001001844	4242	2274	147.988741023	0.76
NM_201082	2474	1442	136.27222205	0.79
NM_181601	1767	1763	1285.17760171	0.87
NM_173253	4213	900	102.621829119	0.86
NM_152961	746	632	196.741372723	0.9
NM_131524	2159	1119	122.945278236	0.73
NM_001100089	1610	1448	222.697243776	0.8
NM_001139462	1351	1291	171.84051436	0.83
NM_213641	1708	1377	490.267070283	0.86
NM_198366	2668	2227	353.92965419	0.83
NM_001004635	1079	1017	182.767930772	0.85
NM_199590	1018	907	139.482750409	0.85
NM_212641	1956	1104	116.179299551	0.86
NM_199629	1323	1186	103.136127458	0.82
NM_001002070	1279	822	118.497707231	0.85
NM_001199675	1110	1060	299.047562219	0.87
NM_001002113	2024	1288	120.009935665	0.81
NM_200815	451	448	684.714062127	0.97
NM_200227	509	460	312.286035248	0.88
NM_001043323	817	779	415.974691578	0.74
NM_001327992	1564	1005	100.891518442	0.87
NM_212628	1695	595	121.679510637	0.85
NM_213490	1586	1349	164.363420668	0.85
NM_214706	1706	1304	193.325986287	0.79
NM_200220	2081	1444	150.989831294	0.84
NM_199863	2172	1057	107.673125993	0.79
NM_212940	3136	1330	124.766740012	0.83
NM_173236	2213	1745	159.302742493	0.76
NM_001007289	1332	681	101.251130675	0.88
NM_001005953	794	701	164.907402543	0.81
NM_001030277	4308	1709	101.460938864	0.82
NM_199480	2006	1480	144.528817325	0.84
NM_001017866	726	610	224.250300344	0.89
NM_001076732	519	516	328.961913622	0.92
NM_200431	2094	1929	212.487932658	0.87
NM_201092	1584	1146	105.408165315	0.86
NM_001326449	873	783	135.397417457	0.83
NM_199562	1746	1543	171.38382527	0.8
NM_200845	453	452	986.723369524	0.93
NM_200650	2313	1913	313.683137884	0.82
NM_001002163	608	584	215.512083475	0.88
NM_212996	717	714	986.256145244	0.83
NM_001002106	1038	1037	810.003474404	0.9
NM_200259	1808	1728	278.377931055	0.82
NM_001045402	900	837	414.39364554	0.87
NM_001004677	854	786	190.327532767	0.89
NM_001002378	887	884	665.472385452	0.91
NM_205667	963	950	628.452069731	0.81
NM_001077726	1324	1185	120.693391406	0.84
NM_178294	966	879	219.037515612	0.82
NM_199994	1598	1293	196.288635637	0.81
NM_001243178	360	321	350.500950313	0.91
