NM_212605	1994	1581	177.831409603	0.81
NM_212676	1015	979	152.962053066	0.75
NM_001044809	4571	4330	162.141094598	0.75
NM_200125	1594	1543	192.836685046	0.81
NM_001271474	826	754	327.459663847	0.78
NM_001017620	757	726	146.593330446	0.86
NM_001030125	2366	2102	117.834291352	0.73
NM_213099	2644	2619	174.086724309	0.77
NM_001305588	928	853	126.412917148	0.69
NM_213157	1702	1682	126.067810028	0.79
NM_201449	2975	2948	142.837813222	0.8
NM_201146	561	557	368.378194195	0.87
NM_001089408	1642	1611	162.119537818	0.81
NM_173235	635	532	484.300712007	0.83
NM_213277	2437	2422	224.703039471	0.79
NM_200099	1417	1253	118.097932929	0.82
NM_201309	2747	2653	100.364387721	0.77
NM_001003503	1289	1262	172.149858176	0.8
NM_001002082	950	916	193.584829037	0.77
NM_001327885	3533	3211	118.790037647	0.86
NM_001083573	1082	1052	131.070362062	0.79
NM_131145	2634	2530	103.501706266	0.75
NM_199657	2645	2614	109.274403027	0.73
NM_200852	722	719	766.928597511	0.88
NM_212784	763	725	502.279886978	0.8
NM_001045485	2328	2293	110.328792196	0.73
NM_001003844	919	805	207.865310107	0.84
NM_200227	509	492	189.700895143	0.81
NM_212754	3274	3130	109.838866726	0.76
NM_001351700	2305	1881	312.775015916	0.82
NM_001077322	723	714	188.916714241	0.82
NM_201584	658	658	1611.40135963	0.86
NM_001136488	2080	2041	104.672672896	0.75
NR_138543	645	126	142.202019302	0.78
NM_001004677	854	807	114.377069956	0.8
NM_198121	1234	1196	215.035864557	0.81
NM_001110403	2335	2335	1928.88064244	0.85
NM_001115114	1300	1298	887.539226221	0.82
NM_173250	1964	1922	115.603550391	0.75
NM_213235	2369	2355	179.398406978	0.8
NM_212708	2973	2968	560.316130798	0.84
NM_001080015	3658	3636	138.876223055	0.77
NM_213176	2872	2812	122.779541147	0.76
NM_001006082	1057	983	106.165639435	0.71
NM_001098392	1870	1868	866.680591944	0.83
NM_201191	379	371	298.670867494	0.8
NM_199843	2780	2762	280.414878099	0.77
NM_212940	3136	3116	170.367535785	0.76
NM_001002222	5860	5795	126.260521221	0.8
NM_212671	1372	1363	289.945719463	0.83
NM_001077603	3283	3247	162.142327136	0.77
NM_131252	2569	2269	144.385042545	0.8
NM_212632	2072	1760	125.973506151	0.8
NM_199771	1782	1775	402.138837838	0.84
NM_001002070	1279	1234	129.696011185	0.78
NM_001201360	2281	2093	119.354224381	0.77
NM_205668	1493	1467	122.115523822	0.79
NM_200977	1154	1079	103.109913031	0.77
NM_212697	1759	1631	103.848299578	0.95
NM_001083028	2853	2831	169.214007202	0.8
NM_201468	1862	1817	293.730261254	0.76
NM_131450	2067	1974	370.585545569	0.85
NM_199218	1922	1885	215.821558155	0.8
NM_001309531	1197	1184	912.203969416	0.87
NM_212597	953	906	184.457202605	0.81
NM_131710	2418	1680	115.858856303	0.75
NM_199481	1939	1936	703.260863899	0.83
NM_178436	2616	2587	106.255372717	0.74
NM_001110414	1505	1491	299.967509562	0.8
NM_001005927	3621	3573	125.337261205	0.76
NM_152961	746	719	180.866039469	0.8
NM_001017637	1944	1803	125.593790594	0.74
NM_213178	1954	1951	394.443153449	0.83
NM_212711	2015	1720	147.716975009	0.8
NM_213481	2542	2515	123.164467254	0.74
NM_001077355	1851	1849	721.914751398	0.82
NM_199761	1288	1279	294.340848115	0.8
NM_001111175	1214	1172	112.283183871	0.71
NM_130941	4366	4364	347.943846582	0.82
NM_001039985	1602	578	262.121798162	0.86
NM_212612	2529	2218	227.906150163	0.78
NM_213366	2072	1958	104.105958688	0.72
NM_131031	1672	1672	641.157988119	0.84
NM_001126109	1921	1645	138.603657585	0.75
NM_001037393	1370	1296	132.758449315	0.78
NM_001083546	4423	4361	174.469111663	0.81
NM_200053	755	725	122.392439572	0.79
NM_213144	4896	2976	101.430597719	0.74
NM_199855	1873	1842	130.516215587	0.82
NM_001077535	2030	2027	257.607365969	0.8
NM_199574	1813	1802	178.255669116	0.85
NM_173236	2213	2195	204.275733043	0.77
NM_213015	1944	1578	417.388655519	0.87
NM_001017688	1620	1605	147.135459514	0.8
NM_199653	2168	2138	116.204053574	0.72
NM_212985	1619	1605	142.672045504	0.75
NM_001115095	3041	2995	311.607191517	0.78
NM_212630	2077	2050	221.633938359	0.77
NM_001003631	1108	1045	116.245932188	0.71
NM_001089347	2094	2037	112.473283347	0.78
NM_173247	1264	1264	1461.59236457	0.85
NM_198363	2192	2162	127.605769172	0.78
NM_001013273	3625	3540	194.373485127	0.77
NM_212626	1541	1467	112.151825375	0.75
NM_199688	1362	1340	116.409495822	0.8
NM_001007055	1328	1310	139.72261973	0.78
NM_001145579	3579	3550	168.397525512	0.73
NM_213070	1739	1700	127.197662257	0.78
NM_001003447	678	668	411.067422968	0.86
NM_199562	1746	1714	168.321946737	0.74
NM_001113659	892	400	113.385247146	0.9
NM_001290093	2662	2612	133.859461878	0.74
NM_001098757	1759	1738	151.973534095	0.77
NM_213338	1428	1405	137.505805911	0.75
NM_200313	4358	358	106.940817667	0.99
NM_001002445	1027	987	100.623033809	0.75
NM_001003623	2252	2215	131.757728464	0.77
NM_199631	2191	2105	136.829413935	0.77
NM_194366	2181	2118	101.730771806	0.75
NM_001002596	1471	1443	110.120705409	0.79
NM_199863	2172	2134	128.686907771	0.73
NM_001320404	2510	2438	124.290980737	0.79
NM_173252	721	556	141.811046021	0.73
NM_194398	1339	1324	208.956708442	0.74
NM_199576	2107	2097	218.574982756	0.76
NM_198806	2485	2471	250.448768292	0.81
NM_001005769	1842	1812	109.755497165	0.82
NM_001040375	927	922	344.406405243	0.75
NM_001128336	1845	1843	711.467656714	0.81
NM_213644	826	807	265.789537307	0.8
NM_001320425	2084	2067	151.271942153	0.81
NM_001002113	2024	1982	105.63381101	0.82
NM_212699	1350	1310	105.688703187	0.7
NM_130925	1985	1984	783.541844439	0.76
NM_153661	1378	1366	236.156852451	0.78
NM_001002073	1238	1156	105.492283768	0.77
NM_001099230	3002	2963	104.294704457	0.74
NM_001003598	838	742	258.971622594	0.77
NM_001002121	2041	2030	187.369214416	0.81
NM_131404	1466	1398	548.645758173	0.78
NM_198870	2196	2167	214.035242135	0.8
NM_201345	1738	1711	116.300247398	0.78
NM_199778	1440	1417	231.601081802	0.82
NM_213317	2315	1784	590.881568379	0.81
NM_214783	1935	1912	160.820436865	0.75
NM_173284	1132	1086	102.888249539	0.76
NM_001001944	4039	3184	159.979632808	0.8
NM_173233	520	495	363.100612245	0.82
NM_180965	852	848	720.806317618	0.83
NM_001100089	1610	1540	211.17788119	0.74
NM_199723	2044	1989	115.81413709	0.77
NM_153669	2212	2198	239.399932865	0.78
NM_200769	606	441	173.073822033	0.73
NM_001007159	2793	2669	105.787084503	0.74
NM_200028	466	458	338.847373693	0.84
NM_001003763	1231	1162	181.161097982	0.79
NM_001160373	695	651	175.022004394	0.81
NM_212996	717	716	1028.80331288	0.84
NM_152972	2976	2961	252.291318715	0.86
NM_001017739	862	843	146.125322058	0.75
NM_001001590	1354	1294	768.538924155	0.82
NM_001326493	4171	4103	120.051694575	0.77
NM_205599	1107	1076	151.484158235	0.77
NM_131599	1227	947	123.908779245	0.79
NM_214756	4697	4612	108.10843251	0.74
NM_201214	1758	1688	108.598128717	0.7
NM_001328559	2598	1790	172.284597373	0.8
NM_213188	2624	2591	153.252026344	0.77
NM_001037424	1074	1068	516.482727694	0.86
NM_213062	4111	3950	113.523772802	0.77
NM_200008	762	744	160.538213984	0.77
NM_001160362	665	655	194.197786363	0.86
NM_001007372	974	947	113.105104685	0.75
NM_212584	1391	1389	830.451100861	0.82
NM_213335	1416	1383	121.454551205	0.74
NM_199782	2184	2110	196.311061308	0.76
NM_001013455	473	417	112.833160722	0.7
NM_201177	964	944	128.324301095	0.76
NM_199540	2833	2564	133.647251859	0.74
NM_001007383	1101	1072	176.640126751	0.77
NM_001127333	2139	2133	311.616585918	0.82
NM_001076615	1233	1225	129.054700263	0.75
NM_199546	1638	1621	259.947320158	0.8
NM_200720	900	841	222.237221855	0.8
NM_201200	2559	2403	109.05162417	0.78
NM_001024403	693	662	179.350589999	0.78
NM_207057	2564	2390	100.026181855	0.79
NM_001015060	2812	1902	203.220352877	0.81
NM_201052	1066	1063	524.961883943	0.8
NM_001077735	2831	2768	119.330922715	0.77
NM_001077250	1996	1952	183.286626658	0.81
NM_001013293	886	849	110.464295776	0.73
NM_001256190	1048	963	229.216430474	0.79
NM_213642	1927	1200	114.177214957	0.81
NM_200839	1497	1491	297.465349143	0.82
NM_001007059	822	798	160.664405409	0.71
NM_200291	1360	1311	129.233463634	0.73
NM_213426	1246	1154	101.963427076	0.75
NM_199780	3197	2516	103.675575557	0.76
NM_130939	1435	1434	612.198809713	0.81
NM_201078	1493	1448	165.332643873	0.79
NM_212762	435	410	219.908975589	0.65
NM_213461	2196	2123	106.901623361	0.74
NM_200403	1359	1295	114.766642811	0.72
NM_131493	1109	940	210.166207036	0.81
NM_001004494	2262	2248	215.051253862	0.78
NM_199683	1121	1095	179.571969888	0.83
NM_213148	1200	1190	149.82263343	0.74
NM_001003872	2338	2250	101.248050851	0.71
NM_001008732	2434	2236	121.187004497	0.87
NM_201046	1776	1749	136.357203683	0.79
NM_173248	2072	2050	228.908549991	0.78
NM_001025537	2209	2177	121.941242673	0.76
NM_001080034	1078	1026	128.924450439	0.86
NM_198978	2090	2070	110.43603943	0.77
NM_201313	2390	2355	115.815814167	0.8
NM_001077804	1835	1791	1023.11208661	0.84
NM_001002139	610	607	970.109850955	0.87
NM_001243178	360	319	286.365055516	0.8
NM_152951	2332	2302	157.334129218	0.74
NM_001033595	4350	3803	300.217750523	0.86
NM_201298	2030	2004	249.532849438	0.81
NM_001128693	2431	2259	158.421154007	0.79
NM_131444	1040	1038	1169.85157141	0.84
NM_001077726	1324	1313	213.953703631	0.78
NM_213080	2202	2148	392.338696665	0.81
NM_001076732	519	516	332.053829325	0.81
NM_001099257	619	580	104.835435793	0.8
NM_213475	2998	2937	107.296685528	0.73
NM_001013471	1225	943	133.050415843	0.8
NM_205708	1069	1026	127.054305831	0.81
NM_001042769	1471	1419	102.508271774	0.71
NM_001002072	1163	1042	157.095924278	0.75
NM_131230	1880	1864	204.23638402	0.8
NM_212977	1620	1590	557.848143535	0.81
NM_001002068	805	796	154.289331964	0.76
NM_153644	800	795	563.509899474	0.84
NM_001131053	552	540	226.924698598	0.75
NM_001002486	304	304	578.82368872	0.86
NM_001003452	1457	1429	132.557961288	0.76
NM_212993	966	944	165.519830535	0.76
NM_213010	1631	1621	204.421489264	0.8
NM_200290	1467	1307	104.082377419	0.75
NM_183069	1801	1777	112.856757246	0.78
NM_001327745	2576	2553	191.080901441	0.75
NM_201111	2387	2343	114.5576924	0.83
NM_201577	2524	2468	132.455088895	0.74
NM_001002703	931	812	129.564781872	0.75
NM_001006022	1281	1266	193.228600491	0.77
NM_200010	1237	1188	102.015747802	0.68
NM_197934	2550	2510	187.424678755	0.82
NM_001327928	826	763	821.376686813	0.82
NM_213257	2641	2625	224.156293584	0.76
NM_213383	1824	1755	153.300768613	0.77
NM_212990	1305	1268	215.439204308	0.82
NM_001098177	6842	6830	153.460428384	0.76
NM_001007180	1076	1051	234.655483429	0.82
NM_001289907	2400	2278	224.06368078	0.8
NM_001002546	1137	1110	127.614259379	0.75
NM_213079	1728	1715	158.615120271	0.77
NM_131098	1330	800	285.334202415	0.68
NM_200564	1980	1660	146.334536752	0.79
NM_199917	1636	1563	108.340928137	0.76
NM_213139	1529	1495	116.903574705	0.8
NM_001030076	1433	1394	136.404306415	0.75
NM_212660	4024	3985	140.03205698	0.79
NM_131702	2559	2544	289.025205537	0.82
NM_001076629	1060	1038	173.0351522	0.79
NM_001024098	2200	2154	116.241311469	0.73
NM_206829	1328	1295	115.731473087	0.82
NM_199734	1635	1619	225.975777931	0.78
NM_213334	944	926	163.519472172	0.77
NM_212731	1287	1274	118.596903031	0.76
NM_001309267	2448	2367	260.353523495	0.8
NM_001281721	1433	1431	1479.64050615	0.83
NM_001200015	1903	1856	194.781728552	0.76
NM_001089525	3846	3655	193.715132017	0.8
NM_197937	499	464	115.779746675	0.82
NM_201308	3289	3247	125.519864333	0.71
NM_212596	1434	954	108.228591735	0.79
NM_200096	1729	1726	268.687866622	0.82
NM_131442	1356	1329	116.81434398	0.75
NM_001044332	2091	2063	194.315744766	0.77
NM_001002573	1000	915	107.911554293	0.81
NM_001126455	927	888	153.809934851	0.78
NM_001037430	1977	1942	106.762431894	0.71
NM_131187	1662	1450	115.623967011	0.72
NM_001166268	1318	1254	113.740171574	0.75
NM_212657	2706	2700	288.984565663	0.81
NM_173258	1894	1881	225.139559961	0.78
NM_001309845	4701	4670	105.721109535	0.8
NM_199278	1687	1630	106.968393227	0.73
NM_212586	3074	3036	186.491582843	0.76
NM_001160365	638	592	169.760294332	0.84
NM_212628	1695	1663	155.962223458	0.75
NM_153659	2575	2565	295.699039378	0.81
NM_131637	1945	1908	216.979079076	0.84
NM_212891	1624	1561	119.378103158	0.76
NM_212818	1632	1619	1261.60411193	0.83
NM_001110388	538	383	152.483282078	0.88
NM_213641	1708	1398	509.707630302	0.79
NM_199694	1483	1450	139.631557576	0.78
NM_200507	1775	1758	171.162401053	0.76
NM_213439	1234	1233	1061.62463415	0.81
NM_001105599	1365	1341	128.654574978	0.76
NM_001328586	881	836	231.114765969	0.83
NM_001270554	2133	2088	103.728408004	0.75
NM_180964	755	755	1441.29645651	0.82
NM_001005937	2939	2921	187.88883091	0.8
NM_001037386	2280	2214	149.246644546	0.79
NM_001024429	1877	1745	427.22889628	0.81
NM_200179	1976	1895	112.164012758	0.74
NM_001102676	5182	5139	270.195554972	0.8
NM_200845	453	452	879.779817084	0.85
NM_001017700	639	622	255.352461917	0.75
NM_001044754	1503	1500	269.723543767	0.82
NM_001080176	1395	1377	188.660737703	0.81
NM_001007375	881	850	356.752826277	0.72
NM_001002333	1558	1539	114.694955457	0.75
NM_001080184	1867	1847	231.382946429	0.83
NR_015622	439	424	315.65767137	0.81
NM_201061	504	494	405.11127578	0.86
NM_001281985	1215	1089	102.063056528	0.75
NM_200059	1469	870	360.021055153	0.83
NM_212953	298	287	513.218523338	0.92
NM_001004554	4235	2809	115.81103209	0.79
NM_001113596	1641	1606	148.238502022	0.74
NM_205667	963	952	677.613883992	0.82
NM_212591	1717	1701	140.967893238	0.73
NM_201153	832	820	356.428654152	0.86
NM_213034	513	351	449.880220794	0.84
NM_212703	3846	3821	178.878860522	0.79
NM_199746	2436	2392	159.498043517	0.83
NM_213219	2351	2151	115.190564485	0.79
NM_213181	1884	1741	115.450848938	0.71
NM_200034	781	778	524.280904662	0.86
NM_001003418	747	696	111.335666271	0.78
NM_001044950	994	964	120.862691004	0.73
NM_213060	2913	2857	133.978492974	0.79
NM_200583	1872	1823	119.34339659	0.71
NM_152973	2095	2058	123.960222958	0.78
NM_200023	654	639	257.886453213	0.83
NM_201467	1977	1966	228.648226401	0.78
NM_199679	2346	2329	106.873685366	0.75
NM_001045013	3195	3136	142.611649909	0.77
NM_201496	2160	2106	111.129592296	0.76
NM_200026	515	512	886.914162521	0.84
NM_131801	2124	2088	149.031912033	0.78
NM_001081747	1861	1765	102.278437499	0.75
NM_200765	520	499	272.349348492	0.81
NM_001002688	2438	2359	122.913880134	0.76
NM_213182	1676	1610	155.440573078	0.8
NM_201088	2471	2386	116.160926782	0.76
NM_001006013	770	717	124.757010743	0.76
NM_200949	1869	1863	366.543506042	0.75
NM_213072	1521	1467	148.00580277	0.75
NM_194417	2696	2426	100.711501487	0.84
NM_001173501	2284	2122	101.82045113	0.79
NM_001003861	634	630	485.049801513	0.89
NM_200752	630	625	514.665160977	0.79
NM_213336	1459	1420	1093.88975225	0.86
NM_198140	1041	1041	1678.00893578	0.88
NM_001351701	2205	1775	294.035952962	0.82
NM_001002013	3239	3215	119.225215653	0.75
NM_183072	3116	2954	145.91642381	0.84
NM_001045340	1739	1678	106.098472548	0.78
NM_001002448	1520	1507	145.822697471	0.78
NM_212832	2205	2151	136.754982853	0.81
NM_214817	1907	1892	160.116954466	0.77
NM_131722	2285	2266	141.849432208	0.8
NM_199793	2189	2105	122.009937576	0.74
NM_001002478	640	553	123.516299703	0.74
NM_212566	1185	1126	114.287084818	0.78
NM_001014289	3974	3966	235.765316793	0.77
NM_001025186	1368	1357	244.792181267	0.8
NM_001037677	453	431	163.689976342	0.8
NM_001109829	674	585	114.54697019	0.8
NM_001102634	544	280	148.567823735	0.86
NM_213442	3138	3095	117.531062679	0.71
NM_001034970	1734	1721	311.103163297	0.8
NM_001163988	1482	1354	109.163890562	0.78
NM_199719	1526	1516	208.147360807	0.82
NM_213428	1125	1111	149.692309149	0.78
NM_199591	1983	1950	138.159271618	0.76
NM_001309644	1435	1385	389.495841138	0.78
NM_001077323	2565	2494	100.547660241	0.78
NM_001017792	1005	930	100.184902539	0.75
NM_001017831	1128	1096	106.372736207	0.71
NM_001013533	2369	2368	984.78746113	0.85
NM_199925	1383	1373	229.932752329	0.81
NM_001005589	851	842	265.228874849	0.81
NM_001076558	976	792	212.074350857	0.84
NM_213124	1505	1417	328.094087997	0.8
NM_001025453	1464	817	178.290080637	0.84
NM_001037410	1566	1521	207.367492619	0.76
NM_205716	3669	3624	102.934862252	0.75
NM_001145604	3234	3212	193.035611678	0.79
NM_199769	1960	1874	105.77004312	0.74
NM_201513	1945	1930	232.157332855	0.8
NM_201192	2166	2160	318.356885403	0.81
NM_001327845	953	908	269.247206035	0.75
NM_001003869	1684	1651	150.120836105	0.79
NM_199956	2049	2047	439.576230415	0.83
NM_001109839	2423	1758	161.055559664	0.73
NM_001080609	3345	3334	222.940299007	0.79
NM_214721	859	804	154.844512258	0.85
NM_001089544	1215	1134	442.377029078	0.82
NM_212766	2522	1347	140.103553205	0.79
NM_001309525	2542	2230	229.003340086	0.79
NM_213109	1610	1492	131.420040675	0.81
NM_130948	1240	1234	540.68781093	0.81
NM_001040299	1434	1418	116.009155261	0.77
NM_199779	2398	2290	111.738371286	0.8
NM_199888	2218	2191	151.375084477	0.78
NM_001002559	1858	1825	105.625170707	0.71
NM_194374	4303	4244	140.811517964	0.75
NM_001003731	915	887	169.841719687	0.77
NM_001013469	1184	1136	150.231974332	0.76
NM_200416	1414	1375	184.983674747	0.79
NM_200030	265	252	386.339858831	0.81
NM_001080054	2651	2618	216.763472431	0.82
NM_198811	2870	2825	151.593591653	0.78
NM_200029	495	487	293.010207888	0.83
NM_212684	3555	3535	148.560015444	0.77
NM_001201446	1616	1488	110.113857317	0.72
NM_001034178	683	641	103.607734413	0.77
NM_001111176	2020	1900	153.663462429	0.85
NM_201050	1959	1891	140.952496208	0.78
NM_001083544	548	510	156.583266701	0.77
NM_001025460	2415	2397	151.439694123	0.78
NM_131151	1311	1280	126.599651092	0.75
NM_199885	3396	3367	107.723645303	0.73
NM_001025503	1688	1662	195.345130465	0.82
NM_001002557	975	825	108.51125058	0.73
NM_199547	2150	2053	108.049336844	0.71
NM_205606	955	922	120.343666724	0.74
NM_201039	867	832	160.717955144	0.68
NM_199549	2669	2537	119.892042817	0.76
NM_001002081	568	563	344.272245879	0.74
NM_131455	2783	2743	250.66364206	0.8
NM_001109854	818	394	123.194942523	0.83
NM_001319650	804	584	223.014869712	0.83
NM_001004652	514	477	176.471451312	0.8
NM_213076	1897	1881	116.130430026	0.76
NM_001002525	1577	1511	110.392745155	0.86
NM_001012316	494	490	309.541032118	0.89
NM_200650	2313	2239	403.967333575	0.83
NM_213214	1843	1813	111.028848577	0.77
NM_199760	653	592	112.348522113	0.73
NM_001009889	2617	2159	206.971839256	0.82
NM_200621	3430	3405	177.764026384	0.76
NM_200047	832	829	559.035701162	0.83
NM_199727	2361	1387	235.277588026	0.98
NM_200667	4664	3985	102.231836846	0.76
NM_001013568	2084	2052	109.301242832	0.66
NM_200944	1033	1020	153.103599004	0.77
NM_199997	1964	1924	104.532713506	0.74
NM_199692	2181	2136	137.486608945	0.75
NM_199903	2246	2216	160.798162972	0.75
NM_213374	1991	1966	123.247230448	0.74
NM_001033107	2124	1862	166.055845198	0.77
NM_213640	2749	2721	134.431038428	0.78
NM_001007168	1086	961	112.818255274	0.69
NM_001076652	2835	2790	465.789102098	0.81
NM_200713	813	806	541.085660492	0.87
NM_001079703	1422	1386	103.585178918	0.74
NM_213489	2128	2074	110.475468476	0.77
NM_131047	1625	1573	162.027300123	0.78
NM_198142	2269	1799	122.07501167	0.76
NM_213013	986	984	378.17110684	0.8
NM_213131	1415	1394	248.845275259	0.82
NM_001328036	7934	3808	1337.16987194	0.98
NM_199755	1780	1754	165.038689259	0.77
NM_194377	1599	1552	159.219191049	0.75
NM_201492	2157	2153	342.084833465	0.8
NM_212758	782	782	1250.93385356	0.83
NM_001100070	893	830	172.636904885	0.81
NM_001256631	2491	2402	182.452173731	0.81
NM_001004674	895	874	181.25256199	0.75
NM_199943	2649	2604	136.406333171	0.78
NM_131696	1734	1696	125.916928686	0.82
NM_001002866	472	468	347.566707214	0.81
NM_001326595	1844	987	103.659904563	0.81
NM_177479	912	864	177.127528982	0.79
NM_001002604	1704	1365	116.180815463	0.8
NM_201343	1686	1638	128.565878682	0.74
NM_213417	619	589	341.395288926	0.8
NM_213068	2654	2646	241.573493272	0.78
NM_001289906	2416	2352	229.836303652	0.8
NM_131337	2643	2620	213.753807909	0.8
NM_213382	1769	1749	315.022297278	0.83
NM_213377	570	565	757.962583108	0.85
NM_001002079	503	494	367.453623067	0.82
NM_001109866	1832	1735	554.491158835	0.83
NM_213435	1901	1754	109.592598111	0.76
NM_001007186	1224	1127	119.119284495	0.76
NM_001159528	565	545	372.282124987	0.81
NM_001105695	881	871	187.727856252	0.84
NM_001002419	2672	2658	143.452196178	0.8
NM_199976	956	893	119.076086798	0.77
NM_001144803	2895	2813	124.905487027	0.8
NM_214718	2014	1988	103.083600098	0.76
NM_200510	2353	2314	107.396081075	0.74
NM_200809	1096	50	271.392231991	0.98
NM_212790	1357	1329	135.782536486	0.79
NM_201287	2030	2021	262.732597945	0.79
NM_212635	2442	2379	151.962079095	0.79
NM_173238	3052	3026	148.658825503	0.77
NM_199756	1039	1011	113.505688553	0.84
NM_201460	2889	2862	279.837384593	0.79
NM_201297	1684	1661	134.521465456	0.8
NM_213104	2249	2149	210.984420578	0.77
NM_200185	1558	1557	293.948969488	0.83
NM_198809	1593	1566	614.394026638	0.8
NM_213151	1397	1340	102.109019612	0.72
NM_198807	2455	2396	202.958328256	0.8
NM_199669	1459	1446	159.96736629	0.86
NM_001002058	1464	1415	111.49951958	0.75
NM_001044959	1736	1715	331.557393941	0.79
NM_001017896	893	853	120.963068832	0.77
NM_001008615	943	0	115.097194683	
NM_213493	1980	1977	287.295306944	0.79
NM_213331	1267	1243	113.48290602	0.71
NM_213093	1800	1788	152.84648422	0.75
NM_201101	887	879	847.314517156	0.83
NM_131331	1327	1320	249.719546463	0.78
NM_001288658	2035	2015	126.884054902	0.76
NM_001031673	1322	601	164.977747962	0.67
NM_213639	1142	963	177.353880312	0.81
NM_199548	1566	1538	255.724871004	0.82
NM_200067	1625	1577	107.30433043	0.77
NR_132113	1666	1390	324.174216035	0.87
NM_001005592	577	546	114.761335329	0.66
NM_001045235	3834	43	131.369594881	0.97
NM_001044324	3798	3778	207.359384176	0.78
NM_001020523	1307	1279	117.709995299	0.77
NM_173232	700	695	474.144957899	0.83
NM_001080041	2858	2832	144.806065805	0.79
NM_201176	975	941	156.498363251	0.8
NM_198877	1044	1043	418.336532886	0.87
NM_001001589	1654	1612	110.97613704	0.8
NM_213208	687	685	576.631749821	0.85
NM_001243037	635	611	301.200758444	0.86
NM_001029972	1536	1518	126.612213728	0.77
NM_001004641	1029	1013	109.944983758	0.76
NM_201305	3465	3434	186.686774939	0.81
NM_199640	2424	2406	163.748904851	0.81
NM_200550	1782	1681	115.216239537	0.72
NM_001002104	1581	1562	133.368651029	0.73
NM_201482	2117	2069	119.773145235	0.78
NM_178294	966	932	192.124251481	0.82
NM_212587	1840	1835	421.527181949	0.83
NM_001025533	2603	2527	146.910850279	0.75
NM_001017801	916	896	168.340859791	0.76
NM_001109740	1167	590	108.108544339	0.83
NM_212866	1539	1515	117.193183407	0.76
NM_001083818	2481	2430	100.738580401	0.72
NM_200056	904	895	273.07418097	0.78
NM_199588	1289	1126	223.782071745	0.77
NM_200086	1012	1012	508.349340297	0.82
NM_001123007	734	725	240.923628085	0.86
NM_200502	613	612	549.310450317	0.83
NM_201084	2789	2766	138.681186162	0.78
NM_199677	2030	1860	151.03490764	0.78
NM_200701	1301	1253	155.368985395	0.8
NM_201480	1497	1456	232.300976835	0.78
NM_200260	1376	1328	144.823830049	0.75
NM_001007359	1887	1765	107.975120789	0.73
NM_001044395	1041	962	187.541721231	0.81
NM_173263	1471	1467	495.268642837	0.81
NM_201117	1162	1103	102.343879934	0.74
NM_199697	1568	1550	107.333945183	0.72
NM_201331	1547	1460	109.372860205	0.74
NM_199994	1598	1578	201.778988419	0.74
NM_199636	728	725	384.682487628	0.86
NM_200525	502	464	101.178478488	0.91
NM_213479	1687	1674	275.260792004	0.81
NM_131112	2386	2366	347.005267637	0.79
NM_001202510	960	411	193.40926553	0.82
NM_001003890	2344	2328	304.581807908	0.82
NM_131761	833	663	534.223422771	0.86
NM_001105277	2672	2640	143.840879352	0.74
NM_200182	2697	2679	278.343312339	0.85
NM_183071	1312	1242	1204.81390708	0.88
NM_213490	1586	1568	228.274302006	0.81
NM_001017899	1282	1173	118.371839176	0.73
NM_198375	3977	3933	105.369833592	0.76
NM_001079816	1322	1170	119.234489717	0.66
NM_001003424	548	513	112.74514537	0.74
NM_213467	1805	1692	112.698931112	0.75
NM_213302	1639	1629	915.469721488	0.87
NM_200992	4540	4467	107.270453242	0.75
NM_001002499	530	442	179.203824175	0.82
NM_214748	1778	1381	102.326747591	0.79
NM_001161599	1896	1834	120.465541896	0.76
NM_200025	417	409	323.517830735	0.86
NM_131585	1058	1058	1657.10277489	0.86
NM_181330	2728	2296	130.497715496	0.77
NM_213466	1532	1526	313.983669838	0.81
NM_200103	2231	2191	189.702918628	0.82
NM_212932	1336	1331	251.225725878	0.8
NM_001145359	1212	1138	101.020148349	0.72
NM_001002572	1107	1078	151.456667774	0.75
NM_001007060	2420	2283	101.912000188	0.77
NM_200646	3533	3378	102.248335746	0.73
NM_199953	1856	1821	133.125354732	0.75
NM_001098730	1026	1010	153.414122725	0.81
NM_001126422	735	618	103.612993492	0.82
NM_001003648	2563	2541	222.048381177	0.76
NM_001256205	3476	3419	112.85225587	0.75
NM_131069	2357	2353	300.907950873	0.79
NM_131189	4935	4890	189.09793302	0.81
NM_201580	2315	2033	117.320859723	0.76
NM_001024409	1233	1222	813.826939666	0.79
NM_212615	1918	1897	104.862117658	0.73
NM_001003728	818	767	206.682942589	0.87
NM_001302742	394	364	165.009473954	0.78
NM_201474	5109	5086	228.535394505	0.79
NM_200302	1501	1485	179.863489215	0.76
NM_001105588	2100	2027	140.759284557	0.77
NM_200094	2754	2736	221.646397588	0.8
NM_001080695	1195	1135	141.102416901	0.75
NM_213028	696	695	529.883284207	0.81
NM_200104	1558	1558	680.489444436	0.8
NM_001024407	769	733	113.895794808	0.77
NM_001080806	7312	7215	143.001581216	0.78
NM_201303	3213	3203	195.238173138	0.77
NM_200935	1734	1667	108.308709679	0.82
NM_001256729	1792	1766	138.602670015	0.84
NM_001077140	2236	2217	148.412039396	0.77
NM_199716	1410	1343	105.994219963	0.74
NM_199571	1120	1113	114.134710897	0.74
NM_173253	4213	4176	143.990101312	0.77
NM_001082837	2181	2092	105.754862602	0.74
NM_200696	785	764	110.845171407	0.7
NM_001130697	679	74	351.211351215	0.99
NM_001007456	1865	1084	211.58403924	0.81
NM_001007183	2470	2447	105.051666137	0.75
NM_212833	990	974	465.27814382	0.81
NM_201481	2606	2549	135.44667872	0.75
NM_001002484	1091	1068	100.292059667	0.72
NM_131355	3115	3098	184.028025344	0.76
NM_131820	3292	3264	138.651224836	0.74
NM_001044983	507	473	110.364486775	0.77
NM_200386	1221	1170	154.084947574	0.86
NM_001076560	2446	2406	113.234575892	0.74
NM_001089428	3015	2997	257.681717618	0.79
NM_001043323	817	803	567.20646608	0.86
NM_213446	2005	1946	107.911525961	0.77
NM_131176	1454	1449	372.224436443	0.82
NM_001110111	666	654	158.970462112	0.81
NM_001082551	5347	5103	106.716571971	0.73
NM_001162502	4392	4343	111.212093449	0.75
NM_001040321	1659	1357	324.887591533	0.88
NM_001017593	1279	1192	513.656317465	0.88
NM_200993	2423	2350	116.850510332	0.82
NM_198366	2668	2373	415.658012249	0.83
NM_001003548	978	951	204.124640164	0.79
NM_199430	1480	1479	908.122132441	0.83
NM_173246	1093	1019	102.652541748	0.78
NM_001082481	3774	3742	176.839855799	0.81
NM_131714	3483	3461	157.99746762	0.78
NM_131245	1002	969	197.351612953	0.82
NM_213722	1391	1382	373.427016409	0.81
NM_001079988	1867	1658	161.027316333	0.8
NM_001123279	1871	1820	121.27200389	0.75
NM_131368	2562	2460	106.718747139	0.76
NM_131491	2596	2581	118.258901458	0.75
NM_001017574	1635	1633	593.920668189	0.79
NM_001258317	1001	987	142.677712179	0.79
NM_001003434	357	300	247.49124384	0.82
NM_205673	1403	1379	386.03330002	0.8
NM_213165	1693	1635	101.925456315	0.74
NM_198070	2674	2642	275.820520224	0.8
NM_199763	3910	3875	105.78009909	0.77
NM_001017769	1380	1268	169.357332987	0.82
NM_001037700	1568	1523	121.474644833	0.78
NM_213180	1506	1496	549.405891165	0.83
NM_213236	1566	1556	381.880024124	0.77
NM_199516	2304	2282	141.934304949	0.77
NM_131282	1960	1747	112.870133548	0.78
NM_213168	2419	2351	229.66282915	0.79
NM_001002697	1052	973	101.47252108	0.76
NM_001082823	3440	3354	109.045220318	0.79
NM_001082798	1346	1287	157.042042293	0.77
NM_200066	1645	1615	145.10939123	0.79
NM_201315	2419	2382	296.153314791	0.79
NM_001017797	1307	1306	664.935217185	0.83
NM_001017874	1045	1024	184.9263072	0.74
NM_200298	785	763	422.196539495	0.82
NM_200258	2133	2030	129.317735652	0.76
NM_001005953	794	735	131.189206721	0.72
NM_001002106	1038	1037	692.197898525	0.84
NM_001002527	968	686	466.790622235	0.85
NM_001309383	1906	1759	102.073429957	0.77
NM_199996	1431	1174	224.89622686	0.84
NM_212714	2038	1899	106.866835241	0.81
NM_199535	768	757	484.171022768	0.83
NM_001126457	1515	1453	232.549233453	0.74
NM_131376	1589	1558	198.476921012	0.85
NM_213364	2853	2833	551.829348274	0.83
NM_214706	1706	1686	538.815266934	0.84
NM_201043	1067	1020	179.852606883	0.8
NM_213016	3014	2931	145.27655933	0.8
NM_001172556	1236	1137	118.797547359	0.76
NM_001006005	498	489	213.163403635	0.81
NM_001082797	919	566	104.068046389	0.76
NM_201459	3038	2995	109.082966362	0.77
NM_001079973	1842	1827	396.199283942	0.82
NM_131734	904	882	352.409434512	0.86
NM_001017752	1868	1849	132.485869578	0.82
NM_200867	1249	1204	194.773323609	0.76
NM_173251	890	876	336.659193247	0.8
NM_200089	4068	4005	114.777526843	0.78
NM_212659	2024	1946	100.647398778	0.73
NM_001048149	944	900	116.609214907	0.71
NM_200115	1931	1443	104.226318763	0.77
NM_001044902	1913	1883	131.253056466	0.78
NM_194394	1014	968	108.946753456	0.75
NM_205541	1833	1774	185.892013414	0.8
NM_001270540	1921	1837	101.972511342	0.74
NM_131620	1430	1413	233.119913567	0.73
NM_145195	489	464	150.520161307	0.84
NM_001002163	608	593	254.962613746	0.79
NM_001044779	1182	1131	319.278001437	0.83
NM_001004665	755	575	139.964586989	0.69
NM_200259	1808	1791	231.679973829	0.79
NM_001305577	673	631	123.753459783	0.75
NM_201475	1685	1655	215.919879102	0.74
NM_199275	1743	1725	278.847086733	0.83
NM_001113800	1290	1079	109.584035454	0.77
NM_001077544	2495	2447	142.94739602	0.75
NM_201318	1400	1398	474.306066329	0.82
NM_199839	2240	2102	137.412871783	0.8
NM_001004667	1392	1359	178.130656575	0.76
NM_199799	1813	1723	100.608529134	0.74
NM_001111168	1945	1934	163.019625219	0.78
NM_001199367	1107	1072	135.772639059	0.82
NM_130926	621	621	1953.93474811	0.9
NM_001002378	887	886	864.39462007	0.84
NR_145818	2099	1880	9440.8502031	0.86
NM_200038	1491	1460	134.919020448	0.78
NM_001013459	1299	1231	134.445702491	0.79
NM_001020531	880	604	173.673632546	0.83
NM_214793	694	689	522.589083441	0.83
NM_001013300	2429	2406	258.174669511	0.83
NM_001114425	1983	1937	111.131334567	0.73
NM_200037	961	899	103.426153699	0.75
NM_200694	868	838	156.187380519	0.75
NM_001002874	891	817	104.742550499	0.72
NM_173249	703	674	139.221868046	0.75
NM_214773	1667	1581	1478.16306581	0.81
NM_001045354	1333	1323	103.302570527	0.75
NM_201579	1950	1820	304.87724348	0.84
NM_001002078	399	367	687.106541103	0.82
NM_131580	1081	1066	522.098844161	0.87
NM_001002355	2291	2265	202.506909759	0.79
NM_001017632	1861	1843	206.034606632	0.81
NM_001009990	1994	1939	118.555203345	0.77
NM_001002069	344	333	439.300729154	0.75
NM_200295	1397	1383	236.099678559	0.78
NM_001282177	500	485	546.644915441	0.87
NM_201466	2743	2392	114.000194782	0.77
NM_200813	1767	1740	157.264771706	0.75
NM_001128680	1477	1444	125.69251244	0.73
NM_001045552	2190	2173	203.000066981	0.78
NM_131247	1497	1493	520.624589951	0.78
NM_001005590	2862	2830	108.31564895	0.75
NM_173237	1733	1713	125.173429123	0.8
NM_200177	1899	1873	104.011520242	0.75
NM_212782	2794	2774	131.83651946	0.75
NM_194432	2109	1776	102.125923953	0.84
NM_200221	1906	1865	101.47649662	0.75
NM_001081749	2396	2311	105.716647685	0.72
NM_001005941	1106	1072	149.207353264	0.76
NM_200958	1832	1800	181.125653645	0.77
NM_131351	1260	1224	133.746613725	0.77
NM_199333	2387	2335	101.825555505	0.75
NM_001282033	1209	1120	108.932111168	0.79
NM_001326532	2345	2252	119.590266732	0.75
NM_212735	2658	2585	157.231761344	0.77
NM_200732	483	483	931.974941418	0.89
NM_001077759	1821	1792	146.854766096	0.8
NM_001003868	590	573	127.285710679	0.69
NM_213455	1346	1301	117.59728724	0.77
NM_200495	1495	1491	320.468986338	0.81
NM_181601	1767	1763	1476.41722982	0.81
NM_001013345	888	872	182.09501163	0.76
NM_001004635	1079	1063	138.205738611	0.77
NM_212709	1904	1902	399.505313173	0.79
NM_201488	2650	2606	161.365773491	0.78
NM_001018165	3163	3154	113.047484336	0.76
NM_200745	852	769	118.677105349	0.76
NM_001089339	2002	1965	151.190457844	0.82
NM_212937	1764	1760	425.656384234	0.82
NM_201062	1892	1872	171.004106949	0.79
NM_200446	2044	2022	194.325699505	0.81
NM_213185	1250	1239	398.981543796	0.83
NM_199569	1523	1493	132.993959131	0.73
NM_198358	2667	2622	154.105794916	0.77
NM_001100406	1393	1370	141.321352865	0.77
NM_213223	1558	1525	306.912429285	0.78
NM_001009898	878	868	201.124415213	0.81
NM_001130192	3149	3130	790.898398562	0.85
NM_131309	1418	1089	407.160177275	0.86
NM_131345	3453	3370	106.752935343	0.78
NM_212603	1499	1464	253.53682952	0.83
NM_213037	926	902	179.229680175	0.79
NM_001017866	726	610	139.675529714	0.78
NM_199711	2891	2861	118.717145107	0.84
NM_213293	1692	1677	140.347087349	0.91
NM_198922	2543	2509	104.875133571	0.75
NM_201129	2859	2840	125.817417781	0.75
NM_001160334	672	588	138.075225234	0.81
NM_131263	1753	1751	2196.03607139	0.82
NM_001002748	1493	1294	140.761855337	0.75
NM_181757	1865	1808	128.050046022	0.75
NM_001077285	1662	1613	110.465483634	0.72
NM_205627	2866	2842	129.081903096	0.76
NM_001017633	1921	1905	167.058089035	0.77
NM_213406	1601	1500	116.666464247	0.76
NM_001114722	1416	1156	150.961610228	0.86
NM_001045049	1708	1685	195.165535933	0.77
NM_001198751	711	482	328.470164058	0.84
NM_001303006	1567	1337	102.696434914	0.82
NM_213058	2340	2336	598.935174735	0.83
NM_001040043	498	496	909.39424636	0.78
NM_213014	1822	1809	160.05696219	0.8
NM_213486	1795	1762	138.768157679	0.77
NM_201099	1899	1838	153.647236778	0.78
NM_173234	483	474	484.935865961	0.85
NM_197933	1962	1819	130.394457946	0.77
NM_001002521	960	932	111.988182602	0.75
NM_213002	1422	1396	209.086020438	0.81
NM_200774	1411	1393	135.782041798	0.79
NM_131513	1495	1495	1358.63217231	0.87
NM_131294	747	712	229.765689701	0.82
NM_130922	2069	2064	481.845784632	0.86
NM_205537	1272	1226	109.920441498	0.75
NM_001328161	4268	4155	139.933022842	0.92
NM_199773	1731	1716	171.565500764	0.76
NM_001077378	2168	2114	161.949808577	0.77
NM_212803	2808	2768	104.402876192	0.7
NM_001045402	900	889	290.99920835	0.74
NM_200078	1580	1572	297.123668926	0.81
NM_001312882	1918	1830	151.417298071	0.75
NM_212952	393	373	236.300965072	0.81
NM_213351	1541	1523	161.285938586	0.77
NM_199585	1876	1422	160.054430367	0.78
NM_001110121	508	503	687.493258541	0.85
NM_182866	2633	1823	394.019129877	0.81
NM_001003843	777	746	164.908188592	0.82
NM_212598	1558	1465	120.796380392	0.72
NM_205613	901	893	382.964125978	0.78
NM_001004601	3178	3145	191.068194613	0.78
NM_001002050	1276	1074	109.472576004	0.77
NM_199428	1597	1518	350.724655903	0.8
NM_200959	1797	1791	228.553665864	0.8
NM_201060	620	615	653.506861382	0.8
NM_001013528	1199	1112	123.977038805	0.79
NM_212569	2189	2080	230.467166564	0.76
NM_001031676	2397	2383	424.479556196	0.82
NM_001045388	833	798	145.059798118	0.82
NM_001003860	687	659	145.439950378	0.77
NM_001109720	867	749	104.145110992	0.77
NM_001017400	1168	1121	184.690083435	0.78
NM_201326	3052	3032	125.756677106	0.75
NM_131874	1663	1655	504.460803485	0.81
NM_001040052	1228	424	149.668412256	0.84
NM_001001593	537	524	587.170599656	0.83
NM_201005	1653	1566	115.993877194	0.72
NM_212757	1834	1733	146.894578961	0.76
NM_213294	1525	1495	168.757199657	0.77
NM_001004003	3275	3247	196.906920746	0.79
NM_213045	1311	1180	109.107109846	0.8
NM_001110371	2492	2449	126.246010908	0.77
NM_001313770	853	812	453.1182636	0.82
NM_001114887	870	781	119.112253526	0.81
NM_001001889	2350	2342	276.71797316	0.81
NM_001002468	1022	1004	412.248441606	0.82
NM_213535	1851	1792	133.21203032	0.8
NM_213279	889	886	536.635679137	0.88
NM_213077	5079	5063	187.993070786	0.81
NM_001003432	636	630	769.936461889	0.84
NM_001030277	4308	4214	122.943741629	0.8
NM_001109833	1372	1345	111.692017873	0.78
NM_214723	1488	1431	537.33639627	0.84
NM_001001724	1252	1197	110.018498353	0.78
NM_198210	2720	2712	215.322664191	0.79
NM_213440	2146	2124	125.881597635	0.79
NM_201477	1088	1087	499.777858664	0.8
NM_001033108	1865	1847	192.190680379	0.82
NM_213019	1049	930	269.539233368	0.8
NM_001109742	1330	1301	150.49550874	0.76
NM_131452	2133	2110	206.187722776	0.75
NM_201483	2936	2926	245.980605466	0.79
NM_213145	1383	1370	138.869191154	0.78
NM_001199436	4653	4572	209.999105252	0.76
NM_200919	1303	1247	115.495386535	0.75
NM_200710	2233	2149	121.496304704	0.77
NM_001030247	2625	2618	377.140123587	0.88
NM_001115140	2557	2481	125.724565319	0.74
NM_001002203	755	725	107.899660741	0.7
NM_001126423	5006	4980	112.666330628	0.78
NM_001006105	1484	1387	122.535456341	0.77
NM_200304	1822	1795	166.043805041	0.79
NM_131059	3350	3330	183.035665698	0.78
NM_200771	1335	1240	325.974647925	0.83
NM_001045349	1628	1571	204.771122351	0.77
NM_001001819	490	480	332.675793088	0.83
NM_131220	1791	1780	248.24579654	0.82
NM_001002155	566	557	302.947815476	0.83
NM_001037113	490	465	135.432643055	0.7
NM_173264	860	765	129.866858452	0.76
NM_200881	1996	1964	195.49085104	0.8
NM_131310	2699	2661	757.113512268	0.83
NM_131572	903	860	112.104915685	0.71
NM_194264	1218	1187	283.125954579	0.81
NM_131670	1758	1744	191.074559992	0.79
NM_200027	727	724	546.495885733	0.84
NM_213510	2570	1244	398.33513624	0.85
NM_213092	1589	1585	560.544005154	0.84
NM_001277446	6296	6251	116.285782001	0.73
NM_001080605	3471	3439	118.866651148	0.75
NM_001003640	1732	1703	165.584213772	0.77
NM_001127335	2544	2516	164.25921384	0.78
NM_200303	785	785	742.930211438	0.82
NM_200660	1242	1192	102.466175783	0.72
NM_001271817	931	886	213.772439443	0.75
NM_214811	2239	2199	157.229742721	0.74
NM_130995	2082	2079	496.874869694	0.85
NM_200458	2810	2808	1242.42814243	0.83
NM_001353934	559	548	3009.61820281	0.83
NM_200533	1158	1135	135.209877338	0.79
NM_001177453	903	894	221.9352482	0.79
NM_001003429	771	738	129.77023197	0.76
NM_201082	2474	2458	138.874510448	0.82
NM_201588	2454	2426	107.440517833	0.77
NM_213262	2403	2365	184.902696596	0.83
NM_131213	2019	1988	137.2820665	0.76
NM_001302634	1322	759	119.434135871	0.79
NM_001002505	686	662	193.216813805	0.78
NM_001024735	1269	1250	203.029514961	0.81
NM_001142954	1763	1620	119.301525417	0.77
NM_001017817	2755	2521	100.019484271	0.67
NM_213638	1000	990	241.077256138	0.81
NM_214714	2273	2270	333.221890616	0.79
NM_001081629	3711	3611	111.471668949	0.72
NM_213051	2747	2383	132.257707815	0.78
NM_001003622	1494	1494	674.924326799	0.82
NM_131686	3477	3432	189.539601319	0.8
NM_001113591	2287	2248	172.930993058	0.78
NM_001025470	1776	1760	102.679809928	0.76
NM_001110126	1521	1504	135.992339078	0.79
NM_200815	451	450	619.516730604	0.86
NM_200220	2081	1856	129.086686346	0.79
NM_213053	2688	2661	213.742000531	0.79
NM_198805	3777	3730	160.362243041	0.78
NM_201455	994	973	146.551905496	0.79
NM_001123389	4247	3129	144.891039084	0.77
NM_199949	1010	789	355.949540746	0.83
NM_201336	2817	2798	691.865312	0.83
NM_199932	2022	2007	139.035450553	0.77
NM_199989	1646	1615	128.019530327	0.75
NM_001004555	1695	1487	104.894454746	0.69
NM_200766	1140	1106	233.498814414	0.81
NM_205562	1110	1095	287.120589865	0.81
NM_131679	2510	2500	142.245238731	0.75
NM_131849	1290	1249	112.908943659	0.76
NM_201087	3796	3777	162.401126494	0.77
NM_001020750	2006	1982	127.286444951	0.74
NM_001007774	1090	1068	128.657197762	0.78
NM_001044811	947	872	109.959960889	0.75
NM_001007450	2019	1935	148.862761874	0.8
NM_001037702	3795	3630	107.144212079	0.75
NM_001012386	1197	1123	151.282623577	0.74
NM_200911	1640	1606	166.977762648	0.77
NM_001114478	1323	1047	131.711068456	0.87
NM_001013272	2053	1798	220.330971275	0.85
NM_001013517	539	514	120.082044574	0.7
NM_212710	2233	2129	101.100855093	0.73
NM_001089351	631	555	323.791521416	0.84
NM_199825	965	938	173.702988494	0.78
NM_001003875	2443	2079	106.96067015	0.77
NM_001007766	2462	2449	175.837630717	0.76
NM_213450	2688	2651	116.721802414	0.76
NM_131057	2859	2723	142.346610155	0.8
NM_001031671	1213	1008	168.648609086	0.83
NM_131569	3917	3894	158.270439197	0.7
NM_213107	1258	1253	442.62637157	0.83
NM_131573	742	729	274.393334099	0.76
NM_213278	2414	2256	120.195628084	0.75
NM_212723	3491	3439	174.049880384	0.8
NM_212653	2511	2472	158.212117766	0.8
NM_200975	1284	1236	149.007402119	0.85
NM_001033106	1940	1900	165.938621251	0.84
NM_001290080	3280	3043	267.643083173	0.82
NM_001001399	1042	984	354.736621489	0.8
NM_214699	1423	1216	507.943877037	0.81
NM_001003995	1512	1481	127.17214815	0.76
NM_001030239	2705	2630	144.406749485	0.76
NM_001079912	2214	2113	159.205607787	0.76
NM_001018166	2664	2639	164.221959723	0.8
NM_131883	2454	2365	250.352616386	0.8
NM_200090	2770	2676	116.664306595	0.75
NM_173241	2359	2328	115.895991978	0.77
NM_001005967	904	888	162.40771013	0.75
NM_199660	2197	2175	102.317083425	0.75
NM_199432	2083	2069	182.32626802	0.8
NM_213298	1609	1564	148.437131538	0.79
NM_001005931	2331	2293	115.585033748	0.76
NM_200068	3044	3028	132.976252406	0.73
NM_213530	1628	1596	115.630588391	0.71
NM_214768	3311	3279	124.072246427	0.78
NM_199602	1906	1821	101.222074485	0.89
NM_214722	3146	3019	150.259694014	0.73
NM_001327754	2519	2410	124.889159961	0.78
NM_198913	3017	2982	118.842446564	0.74
NM_213370	1821	1770	116.003105511	0.77
NM_001328190	3336	3191	108.114741152	0.76
NM_213536	1947	1887	102.565339428	0.78
NM_199564	1259	1235	156.293466144	0.75
NM_199740	1953	1936	134.67095671	0.74
NM_213514	2079	1627	607.128135528	0.97
NM_199850	1154	1125	102.687664741	0.68
NM_001001844	4242	4213	244.407824281	0.8
NM_212764	1590	1543	122.663923838	0.8
NM_201290	1901	1884	167.686382765	0.81
NM_001105108	1254	1254	716.99325105	0.79
NM_213387	1902	1869	120.242122286	0.79
NM_178290	1341	1211	149.626865336	0.81
NM_001002164	1610	1549	110.272085545	0.73
NM_200690	1889	1835	104.327373563	0.79
NM_001201442	683	612	287.975160153	0.88
NM_214772	3418	3158	103.59134915	0.71
NM_201217	2259	2147	116.049650906	0.76
NM_200046	629	459	389.077065725	0.83
NM_200736	1253	1225	127.721432442	0.83
NM_200743	1036	1010	154.429707348	0.78
NM_130994	2885	2819	108.49915182	0.74
NM_173224	998	994	484.506898127	0.85
NM_001007364	1096	1063	187.612831929	0.77
NM_214696	2658	2640	438.863905139	0.8
NM_001003758	1471	1445	168.691629887	0.75
NM_199575	2146	2094	216.222705263	0.83
NM_200107	1423	1391	260.624401165	0.75
NM_199983	2598	2575	144.277956089	0.77
NM_200742	412	378	131.051121623	0.76
NM_001013536	1099	1046	254.229433893	0.79
NM_001109741	1428	1390	218.320572908	0.8
NM_001256652	3850	3809	201.755655229	0.79
NM_001328507	1428	1364	122.765184251	0.77
NM_001328342	1608	1586	233.591371116	0.8
NM_001003944	909	853	117.310055198	0.75
NM_001013443	4163	4025	205.440395528	0.78
NM_199724	483	464	206.293267096	0.81
NM_001002677	1296	1219	373.139639359	0.78
NM_001005978	1296	1269	101.363789424	0.76
NM_200114	1681	1649	114.670064897	0.75
NM_001105526	393	373	417.026093146	0.88
NM_212909	1162	1157	1054.0520645	0.87
NM_199845	1826	1788	103.949574107	0.77
NM_001100436	441	438	500.590849214	0.86
NM_199671	1288	1276	258.827238409	0.83
NM_001199675	1110	1069	195.127565397	0.82
NM_001030187	978	951	109.147385354	0.75
NM_001024073	1943	1903	154.106224247	0.74
NM_001002864	1690	1657	118.48859888	0.73
NM_001080196	2669	2637	114.348203702	0.74
NM_001002720	2445	2408	116.740247404	0.74
NM_212763	1372	1346	101.741918537	0.77
NM_200129	1694	1657	134.373915194	0.76
NM_152953	2185	2077	111.36448684	0.77
NM_198908	3473	3435	110.595051776	0.73
NM_199590	1018	992	165.965738237	0.75
NM_001346309	2477	2380	107.184301596	0.75
NM_001037222	1931	1861	132.388409616	0.75
NM_001017766	1563	1375	102.426860724	0.78
NM_173222	1437	1437	668.66626125	0.82
NM_201122	430	404	216.773729261	0.77
NM_213363	2054	2037	184.390035839	0.8
NM_199595	2595	2568	185.522633412	0.76
NM_213113	524	508	241.871256686	0.81
NM_001002427	555	511	114.730262595	0.72
NM_199708	2037	2028	476.187504047	0.82
NM_131456	3732	3700	143.465850996	0.83
NM_001302478	479	456	220.515475435	0.83
NM_212641	1956	1915	125.551154776	0.76
NM_131508	1016	969	113.662310867	0.76
NM_001103194	1392	1010	220.416081794	0.83
NM_001098179	3083	3005	112.92833145	0.79
NM_198143	657	649	359.087136212	0.84
NM_001003529	2588	2560	108.82774866	0.75
NM_001199737	2076	2028	152.93906778	0.78
NM_213204	482	469	1018.99746917	0.89
NM_212675	1290	1273	168.611444997	0.77
NM_200923	3751	3447	109.966427886	0.75
NM_001002487	411	397	156.851694517	0.8
NM_199750	1632	1550	126.008594955	0.78
NM_199864	1251	1191	120.395478542	0.78
NM_001003532	1764	1650	169.215565783	0.78
NM_199824	2976	2949	139.570507442	0.8
NM_212572	1919	1867	162.228115885	0.75
NM_152949	1899	1898	761.01581819	0.82
NM_200750	463	460	336.216838396	0.84
NM_212599	3242	3063	113.363017939	0.74
NM_001256780	2608	2569	431.131208723	0.84
NM_201471	2005	1634	100.552095495	0.8
NM_001159911	659	612	128.946504107	0.81
NM_001044320	3758	3695	136.216360466	0.75
NM_001012487	4758	4627	100.702841971	0.74
NM_200171	1702	1669	300.874270172	0.82
NM_213503	4437	4403	130.827721583	0.78
NR_029976	89	74	9536.89575901	0.96
NM_001017858	1127	1072	169.201888159	0.76
